0 1
2 3
4 5
6 7
8 9
10 11
12 13
14 15
16 17
18 19
20 21
22 23
24 22
25 26
25 27
28 29
30 20
31 32
33 30
31 30
34 35
36 11
30 37
16 38
39 40
41 42
0 43
44 45
44 22
46 47
48 49
13 50
31 47
33 47
22 51
30 52
27 3
53 21
54 55
56 18
56 57
27 58
47 22
59 57
60 21
54 61
32 62
30 63
52 64
20 1
31 65
58 5
66 67
36 68
5 11
64 0
69 64
70 71
72 73
74 75
76 77
12 21
78 32
79 80
5 63
33 81
21 12
82 83
84 61
32 85
20 86
87 73
3 88
5 89
33 73
90 91
92 47
52 43
93 94
95 96
97 89
98 41
20 17
12 89
12 61
98 15
28 95
63 30
84 7
99 75
97 100
41 35
101 35
27 17
102 103
70 35
93 23
30 97
104 23
62 87
90 40
105 35
106 69
26 28
53 11
52 82
57 88
12 97
4 107
61 13
108 17
30 109
40 19
62 83
73 5
101 1
30 61
110 111
112 65
113 101
114 13
23 63
58 91
112 67
27 28
23 29
66 115
13 20
14 7
31 91
99 81
98 116
84 117
118 98
25 90
56 81
72 42
33 21
118 119
120 38
108 109
121 122
5 93
28 31
54 123
112 124
44 55
49 125
74 48
97 63
58 126
40 28
58 127
128 129
52 112
96 13
31 43
24 43
43 83
117 130
5 85
30 131
38 22
35 132
56 89
32 86
133 27
0 85
88 16
134 87
118 23
135 51
43 54
30 102
136 96
48 137
82 43
26 11
138 34
33 0
5 1
91 4
45 0
98 0
71 45
30 7
139 113
96 16
140 141
142 81
91 73
68 70
143 51
0 144
57 5
96 85
145 134
92 99
146 83
116 147
98 32
68 30
114 117
27 136
56 79
110 91
34 68
148 31
149 150
86 13
66 92
98 54
101 151
152 71
106 7
149 125
32 36
91 82
153 154
56 59
59 12
81 61
120 117
155 156
73 89
78 81
62 23
43 17
101 21
36 85
82 13
157 125
158 159
41 31
37 160
147 151
53 37
12 110
91 11
58 2
18 86
153 51
30 15
5 101
98 81
105 54
24 45
105 7
27 100
58 56
44 17
7 42
94 70
47 31
17 51
35 29
26 51
31 79
27 89
157 83
161 32
101 71
46 128
41 66
128 31
148 20
162 97
163 81
71 5
54 30
125 98
125 28
86 0
28 164
125 138
17 117
165 88
66 166
81 15
100 86
106 1
125 32
30 101
12 34
4 105
4 57
94 0
162 61
167 110
2 17
49 47
101 19
154 18
168 125
112 13
62 86
41 49
71 101
31 63
96 31
166 75
118 35
46 7
87 134
80 15
97 121
37 30
56 120
89 83
92 45
25 117
47 125
28 5
35 127
57 51
27 4
105 52
169 161
81 70
36 170
171 28
127 55
22 28
98 4
43 104
7 45
128 134
126 22
98 74
72 15
27 127
90 51
12 35
172 15
94 93
33 173
117 35
17 59
40 22
128 45
38 11
126 58
56 37
72 61
88 105
17 101
32 173
38 51
76 125
73 28
72 81
32 15
162 23
33 45
33 63
52 17
96 5
54 57
1 96
156 150
122 23
5 19
84 100
22 117
112 156
100 14
126 26
167 25
161 101
45 14
148 117
174 117
139 103
1 23
43 59
36 18
22 40
112 64
81 32
109 30
105 0
52 61
162 105
30 1
79 21
134 158
123 54
27 95
138 83
17 127
161 81
133 157
30 152
175 176
40 100
16 26
86 94
35 5
139 11
106 5
41 97
33 125
98 125
101 69
97 11
85 18
90 52
30 43
75 149
63 13
1 95
22 86
41 125
36 61
76 29
32 108
177 76
12 122
35 147
48 7
97 30
89 161
56 51
30 147
97 1
21 18
17 32
64 86
127 95
24 0
68 147
125 103
112 85
164 178
27 101
147 81
122 56
14 100
71 104
18 40
17 105
33 65
47 134
48 42
54 40
148 22
16 164
27 11
17 38
179 144
13 86
108 68
180 181
101 157
58 95
122 81
93 52
69 82
54 37
18 159
17 90
52 101
98 67
10 105
32 45
159 17
167 182
71 21
75 128
128 47
81 128
117 18
169 21
134 166
167 91
177 54
65 31
161 17
119 15
62 7
105 95
115 7
34 12
98 149
93 112
17 100
32 22
61 11
14 22
81 37
54 94
30 121
70 86
61 82
80 45
172 28
80 13
71 12
96 59
168 48
32 98
98 118
47 92
30 11
19 14
32 63
122 15
37 31
183 89
116 151
73 4
129 83
81 47
57 20
43 97
129 70
101 136
101 87
5 52
50 150
148 12
32 133
139 164
123 107
93 90
89 14
184 28
16 51
56 70
103 122
74 27
145 74
46 49
178 27
47 66
22 150
81 63
91 31
106 37
105 112
43 30
30 185
128 168
65 158
44 0
52 105
167 101
153 32
30 84
23 87
97 54
104 17
30 44
137 149
27 38
173 33
81 67
48 66
32 12
107 120
128 35
105 63
96 95
186 83
125 22
127 5
0 13
91 5
54 95
145 173
35 12
130 105
27 125
51 22
22 85
47 79
23 93
131 81
65 111
118 163
56 90
44 23
104 86
20 13
30 111
124 61
29 1
101 31
69 1
75 81
126 9
70 10
13 82
124 30
21 31
47 67
90 130
108 134
87 167
151 70
32 71
74 141
187 7
53 125
61 86
78 15
138 113
172 86
32 125
126 69
21 70
30 92
82 67
30 69
81 134
63 121
53 70
29 120
188 183
24 101
145 27
2 27
28 81
108 35
43 96
16 178
166 66
148 56
98 13
37 114
106 61
81 115
73 21
134 31
57 71
71 2
180 109
12 15
172 21
27 157
145 75
38 124
57 54
37 122
49 75
189 27
0 64
108 146
97 31
28 89
117 25
3 90
13 105
47 30
126 159
126 17
5 31
93 190
98 129
90 5
105 21
52 29
31 5
88 54
32 161
37 84
68 0
44 15
31 45
30 82
48 128
47 97
169 32
101 122
166 79
127 7
73 0
23 28
145 168
86 63
23 152
43 13
20 105
1 117
54 69
168 145
57 19
126 15
72 191
91 40
2 159
126 61
192 70
32 21
149 128
44 101
71 63
30 117
47 69
121 7
163 87
26 159
96 103
96 158
16 88
32 27
64 96
123 12
111 31
139 125
46 66
97 69
112 71
99 149
81 91
106 30
149 70
19 1
93 64
54 107
117 52
78 21
71 1
0 3
15 23
87 145
140 23
33 89
26 144
23 81
91 170
32 153
105 81
37 54
81 33
72 100
97 104
47 35
92 7
168 7
73 105
84 19
193 17
165 76
81 57
12 70
15 85
23 85
112 130
164 37
70 81
30 83
70 31
96 105
98 89
41 149
81 149
140 156
129 15
28 91
61 63
17 24
104 0
27 156
134 149
37 81
149 45
157 70
116 23
194 30
148 7
180 7
80 22
105 117
16 0
80 171
76 165
125 21
30 22
87 65
54 101
23 52
96 43
111 7
96 55
105 152
43 57
70 100
81 181
168 74
48 41
17 35
172 117
68 180
45 70
61 117
27 5
149 145
13 61
106 13
55 159
139 195
118 12
13 70
32 129
91 141
33 37
38 130
139 79
13 112
98 18
183 12
44 4
58 11
81 169
108 132
74 81
33 101
64 82
49 81
31 122
72 38
100 17
49 21
82 30
17 112
15 68
52 97
131 7
80 49
35 11
32 35
19 70
53 52
92 145
52 4
81 163
69 13
96 97
96 19
97 17
27 133
148 18
37 110
71 86
16 27
125 81
141 196
23 11
122 11
161 89
24 81
145 32
117 38
38 117
13 117
33 28
89 31
108 45
125 46
5 21
183 30
125 37
23 91
55 27
66 125
70 12
54 197
130 38
43 125
72 5
143 29
70 18
52 91
184 37
98 47
92 46
130 70
174 63
17 23
26 61
10 45
64 71
20 100
26 17
64 104
189 22
58 89
43 20
0 70
133 59
30 105
173 35
61 69
24 30
59 83
64 23
70 183
138 81
191 15
39 95
112 18
95 51
91 97
134 128
33 1
57 11
143 88
71 89
198 171
148 61
112 30
27 51
162 11
101 70
109 37
57 94
52 117
80 12
127 38
97 70
59 22
178 112
194 11
30 5
16 112
91 15
118 113
115 99
97 61
71 90
92 87
41 156
31 40
100 80
98 49
80 31
101 133
12 100
5 45
89 18
27 30
73 110
1 121
82 69
199 91
123 88
191 149
28 58
22 127
72 37
43 117
10 43
102 47
138 173
64 43
105 121
61 12
19 195
172 12
17 22
68 15
86 21
72 12
117 148
27 90
32 159
95 90
3 17
29 95
145 118
173 0
1 69
73 15
81 43
98 66
139 43
54 86
112 21
161 70
178 141
98 108
140 70
5 57
35 17
102 117
152 94
24 136
43 81
53 12
36 70
200 125
91 201
68 21
129 37
125 5
112 82
145 34
30 104
17 18
33 196
164 21
140 12
145 98
51 136
75 92
92 134
169 118
162 58
63 125
16 127
82 50
27 135
191 116
192 36
3 202
12 45
163 108
72 7
169 7
111 73
81 10
98 35
33 4
125 203
65 35
76 59
125 105
34 83
58 23
35 83
105 73
35 34
71 102
163 12
30 71
37 107
147 167
36 0
147 12
163 34
126 16
85 5
52 156
45 22
204 125
2 26
62 0
139 30
5 13
116 70
22 81
80 17
127 3
30 12
203 21
140 30
13 21
127 9
68 81
16 54
0 140
153 7
182 170
185 0
23 101
89 164
84 70
173 68
183 178
22 100
70 105
66 168
44 125
2 120
117 159
119 81
13 81
122 89
82 105
91 95
30 47
90 11
52 21
172 130
24 121
30 0
189 82
118 191
108 12
134 74
124 83
145 92
30 110
189 55
4 110
122 21
19 22
98 169
106 104
101 183
168 21
5 91
21 30
21 151
189 61
3 27
32 89
30 17
135 22
130 90
69 30
43 61
117 5
27 24
92 18
44 2
171 73
124 100
26 110
69 61
33 111
122 171
96 136
88 107
30 196
125 42
108 111
30 161
94 71
70 151
34 138
117 124
86 20
87 79
27 2
30 125
101 83
34 44
161 15
114 174
172 81
94 43
81 131
4 17
49 46
86 43
70 0
20 94
81 122
64 118
16 184
61 101
15 12
62 68
72 43
39 27
121 105
37 157
44 38
54 193
36 24
24 13
28 127
90 71
4 58
28 37
110 37
100 63
118 125
138 151
200 35
97 22
20 101
13 45
151 83
2 38
25 17
65 141
125 7
17 96
71 35
28 101
56 23
58 15
205 7
110 18
52 86
184 18
159 70
100 141
47 101
182 81
101 23
16 80
148 63
34 45
97 45
156 83
23 102
54 85
10 81
53 0
163 32
81 31
164 101
117 51
13 101
48 98
172 118
153 12
128 7
59 27
73 87
183 85
3 29
54 89
156 127
101 17
206 86
94 86
98 42
39 125
68 113
0 100
139 81
27 18
185 30
33 121
102 28
89 21
47 136
25 159
54 178
20 93
84 141
74 145
22 12
44 89
149 17
146 51
62 63
207 57
183 86
174 17
76 123
22 59
166 99
0 83
81 66
17 4
33 105
141 100
70 21
34 163
111 83
91 125
145 15
72 30
81 80
28 61
208 37
125 92
71 156
69 54
16 196
89 23
52 69
46 137
41 7
40 51
81 121
209 163
113 129
126 21
59 196
131 125
5 159
92 48
160 37
173 113
125 111
96 86
36 188
20 71
124 82
21 19
16 79
106 59
99 128
162 178
19 13
29 143
26 25
58 159
65 37
116 32
136 101
30 88
71 22
14 12
149 46
109 161
162 43
28 141
5 61
13 22
35 118
46 74
74 128
90 30
115 42
149 42
27 158
113 108
4 31
164 64
75 7
145 7
52 44
129 87
48 99
33 136
167 164
48 74
30 13
44 68
118 59
135 123
133 85
27 22
210 15
87 45
59 101
112 53
99 115
56 58
72 23
112 16
16 89
91 18
208 129
117 178
102 23
149 81
134 81
98 69
189 112
71 100
39 193
31 199
104 94
30 32
100 0
95 17
1 63
129 81
104 82
48 153
33 7
17 2
23 61
76 8
117 82
31 17
17 21
82 23
22 112
129 125
166 168
89 35
128 113
44 28
27 35
190 0
49 137
189 15
101 15
119 118
16 130
93 43
39 18
86 31
38 43
178 140
32 152
149 75
180 83
101 80
0 106
71 58
54 205
43 69
100 21
90 35
74 134
32 31
138 147
71 17
5 86
128 46
101 27
139 12
177 196
99 48
125 122
32 23
116 83
104 1
30 86
23 141
63 83
118 15
51 2
149 211
56 0
136 18
148 21
116 98
19 85
139 71
142 88
122 59
56 28
5 43
29 3
102 196
126 101
38 35
145 159
191 34
102 144
164 167
30 103
192 33
66 7
177 143
154 95
191 4
93 45
85 159
19 40
206 15
212 125
46 168
0 117
112 28
22 136
167 144
96 17
167 67
30 140
12 121
86 101
80 79
47 45
82 52
169 125
80 70
123 77
101 51
181 129
149 99
97 105
108 125
90 0
128 74
12 183
98 46
28 1
127 90
1 82
41 83
31 148
33 15
3 159
100 7
16 58
16 105
81 145
66 48
3 82
45 21
118 181
54 17
96 45
85 141
126 172
101 59
23 105
36 89
105 57
112 44
34 89
28 71
189 40
58 154
21 79
115 47
3 61
128 149
35 38
19 81
81 147
52 85
149 66
96 22
142 157
3 55
14 121
143 95
19 124
68 151
21 83
47 81
56 43
35 122
32 68
194 67
117 61
60 125
168 211
30 156
44 61
173 44
22 144
81 118
102 12
82 89
112 11
48 211
31 127
4 117
200 68
22 11
100 35
61 93
71 4
125 49
81 148
13 54
61 70
28 82
127 18
101 5
26 37
172 70
184 120
172 83
180 35
114 84
22 21
27 122
3 58
101 113
145 21
31 28
45 81
139 101
56 27
12 1
30 159
82 94
187 125
96 100
70 161
101 124
192 12
127 28
0 5
69 0
1 172
178 26
86 61
127 69
71 91
26 38
12 118
24 89
130 5
106 12
75 134
82 22
112 189
69 22
36 101
82 117
98 2
194 101
13 63
61 23
158 100
54 22
81 138
146 169
117 86
182 167
80 100
35 90
81 98
104 173
108 181
48 125
200 21
48 149
139 15
73 125
82 38
47 151
101 40
45 23
24 17
85 0
30 163
54 64
92 168
129 35
71 189
110 151
27 0
37 102
148 136
145 17
38 52
13 100
18 91
96 12
71 23
28 54
73 111
16 90
69 52
151 125
27 70
58 170
91 13
96 213
56 38
145 115
53 23
101 34
32 0
32 11
81 110
134 92
34 32
166 211
191 89
10 0
19 25
188 45
57 81
178 85
154 19
202 38
30 139
33 141
47 49
98 134
28 40
96 127
178 40
125 100
182 25
30 58
32 117
93 117
63 31
128 92
55 127
16 5
87 36
99 46
159 79
68 191
159 157
28 23
118 173
30 148
133 18
5 96
136 17
147 129
87 30
134 66
98 75
101 12
125 83
61 96
80 101
64 35
81 173
180 118
108 141
89 70
27 178
113 68
145 129
23 0
138 153
157 0
31 81
96 3
145 67
142 3
86 18
32 101
78 125
93 70
81 39
192 17
117 16
208 43
85 170
100 111
89 38
68 35
16 31
112 178
76 120
139 21
128 117
95 27
16 71
91 58
2 82
45 30
112 22
90 93
91 86
23 54
0 30
169 34
194 21
44 52
125 107
28 9
191 27
100 54
48 134
101 57
15 89
68 119
12 105
68 125
35 23
168 163
56 61
117 200
59 85
110 31
94 100
1 170
125 102
139 19
74 153
81 102
136 86
125 61
124 13
168 99
122 30
63 70
125 181
27 193
45 37
41 98
90 22
109 118
48 145
82 61
96 9
139 86
72 2
136 22
98 7
105 23
149 41
53 189
167 23
123 103
111 65
168 173
188 33
25 3
81 101
127 96
168 61
22 5
126 54
75 30
90 83
31 70
125 214
102 83
145 48
43 94
28 0
56 117
56 64
88 103
103 37
57 61
121 14
45 13
151 110
0 101
91 90
97 112
116 81
161 35
12 112
32 191
15 81
2 28
61 17
31 111
57 0
71 43
64 28
78 83
21 81
31 69
89 34
210 64
20 15
183 112
1 43
43 22
105 27
93 20
13 38
62 22
85 157
108 173
33 195
59 159
86 100
164 79
74 125
33 85
171 108
58 4
91 71
69 43
33 70
68 118
134 7
112 100
118 93
110 28
102 170
178 172
17 13
80 122
27 159
147 138
116 15
30 51
145 49
168 134
145 128
139 188
26 5
161 23
76 89
174 83
36 83
33 117
101 20
3 38
19 156
117 158
194 15
10 86
90 82
90 25
172 0
32 141
43 100
81 203
22 91
173 81
167 138
98 119
35 18
4 23
152 32
66 134
124 0
40 61
93 5
86 22
14 21
159 0
68 83
23 17
142 30
184 215
33 80
105 50
41 92
66 153
88 42
24 70
178 196
17 125
130 112
174 80
69 101
19 0
145 47
36 42
142 103
17 161
22 30
149 31
167 139
101 152
181 118
71 83
130 28
61 22
82 63
22 95
65 110
128 17
101 30
34 139
47 83
30 164
28 59
12 20
37 9
134 98
105 30
28 44
64 12
61 24
23 161
4 91
58 26
56 173
62 17
63 61
80 2
128 18
117 12
134 168
27 69
17 43
69 28
12 117
81 161
97 43
139 34
47 0
158 132
116 129
99 166
112 52
81 75
28 2
30 183
61 30
118 32
98 31
41 30
16 2
162 16
28 136
27 39
14 31
37 198
89 158
116 113
130 178
101 24
62 81
81 49
72 93
79 125
2 25
23 94
138 30
38 154
23 43
16 61
117 0
81 22
36 34
76 143
70 101
145 211
142 205
37 82
3 95
12 91
49 128
148 19
44 173
110 7
92 98
39 90
64 31
17 172
135 17
109 15
140 101
49 105
54 96
157 151
101 54
23 22
23 104
14 0
135 136
128 70
88 30
41 118
89 213
105 125
90 23
145 18
58 162
146 108
126 96
82 121
28 4
128 98
30 19
72 35
183 59
136 158
58 90
182 31
23 38
176 175
59 15
178 1
58 157
126 86
72 68
63 45
169 108
64 38
48 81
174 84
33 61
68 200
43 23
91 43
89 13
138 118
61 106
172 30
80 125
15 30
62 21
126 50
47 48
26 130
122 103
35 108
23 100
38 85
189 43
101 43
36 15
70 83
20 121
104 15
0 23
43 101
97 18
148 30
38 90
38 26
38 112
44 21
136 127
168 46
70 125
140 102
32 13
91 12
14 105
111 0
112 12
36 63
3 40
102 101
46 99
58 156
119 23
38 13
147 70
66 46
20 11
134 48
164 44
68 12
203 125
128 48
117 13
59 183
17 28
114 57
102 86
158 22
96 83
82 0
19 92
161 118
106 19
172 101
3 85
56 110
134 17
82 1
17 130
58 196
168 166
212 37
51 127
112 17
28 38
88 6
64 164
81 171
152 102
105 45
82 97
100 96
28 158
94 81
108 147
30 151
52 172
0 69
31 21
72 130
169 163
192 89
31 110
47 70
30 31
166 87
96 90
90 18
118 68
31 16
99 74
30 138
143 150
33 43
191 12
81 17
14 30
101 13
216 68
116 191
102 30
22 18
146 35
102 18
167 11
102 1
66 74
135 5
216 118
47 128
30 157
119 4
92 128
139 95
126 157
54 136
180 132
98 164
21 73
44 197
32 7
192 0
130 17
117 189
16 43
5 150
101 68
63 87
2 58
120 88
39 81
70 63
173 34
112 51
28 19
128 82
5 71
30 27
37 142
55 61
157 21
90 39
72 151
137 145
136 0
32 61
166 149
59 32
0 18
33 203
6 88
52 25
97 23
93 30
188 83
127 159
81 35
107 123
175 156
11 83
126 130
56 147
28 25
126 5
191 32
30 122
25 130
28 184
122 0
128 89
12 94
2 18
173 125
126 141
12 43
43 85
104 43
17 61
110 73
82 90
174 30
65 22
113 125
74 46
27 31
19 7
25 182
20 63
148 17
23 95
4 101
43 217
116 4
129 118
130 2
216 7
117 1
105 4
57 12
167 87
44 83
12 194
131 86
1 71
145 83
28 178
38 28
117 2
164 73
147 125
69 91
105 12
81 19
106 71
33 18
36 136
90 96
30 24
169 180
71 173
128 145
61 90
124 117
198 8
160 21
112 0
80 24
60 83
18 22
31 87
169 203
59 31
106 23
37 205
27 183
86 15
84 0
106 85
23 19
118 146
30 124
52 38
21 10
89 96
31 101
49 66
36 125
30 112
37 26
118 116
41 81
30 36
171 30
62 125
180 163
63 21
104 11
195 17
56 7
148 83
166 145
122 121
20 43
112 23
100 22
135 19
96 26
99 7
23 189
93 11
46 134
14 81
1 106
140 178
30 40
81 109
74 83
69 105
114 0
12 0
25 82
90 156
76 54
6 77
166 134
45 83
81 23
218 198
52 94
167 102
126 31
148 171
208 17
23 13
70 13
200 81
62 15
63 0
36 86
105 17
38 82
64 13
202 51
64 97
21 45
81 94
131 21
181 81
102 71
15 32
34 101
157 142
51 90
59 122
128 75
16 55
81 105
140 89
23 20
13 106
194 14
102 125
32 59
81 211
41 21
30 181
3 2
12 71
129 134
180 125
31 4
181 125
183 0
134 145
112 5
10 30
33 183
101 0
38 89
95 2
111 125
102 31
173 163
111 108
151 191
66 47
126 0
119 116
52 130
32 139
52 150
199 31
72 117
110 125
167 28
44 112
92 67
128 81
23 53
122 45
106 83
58 28
139 63
0 89
96 159
25 142
33 191
171 148
27 191
122 37
19 23
28 143
21 125
65 81
76 176
30 75
16 52
43 112
86 59
36 81
131 37
139 5
100 125
32 138
167 141
205 81
79 31
31 102
18 117
96 21
52 157
188 36
139 83
98 21
20 23
101 161
104 91
0 82
164 12
56 63
36 35
27 1
26 2
31 96
182 11
112 91
106 70
17 5
68 101
27 16
34 180
32 81
168 92
39 28
31 59
128 61
109 163
177 205
139 129
30 4
189 11
70 106
12 102
1 64
112 1
25 157
60 7
27 40
31 37
125 39
64 1
72 18
126 51
35 7
130 117
12 14
28 55
122 31
18 28
189 17
35 105
98 36
94 23
2 5
147 35
27 71
89 87
100 89
145 46
145 42
101 140
45 1
30 87
109 83
71 15
73 156
167 37
102 105
32 30
35 173
27 12
126 30
13 83
28 3
172 178
90 112
43 11
119 30
21 11
125 48
164 184
123 76
43 5
36 45
183 182
191 21
22 38
41 134
32 38
59 23
125 110
28 39
49 145
92 42
10 15
30 64
12 27
122 125
74 92
101 105
114 37
26 90
4 191
122 12
38 86
184 117
166 125
152 136
51 146
51 95
44 87
61 89
106 0
135 178
154 159
95 11
57 124
137 49
73 158
194 61
112 7
34 0
91 7
27 26
60 31
30 38
45 117
112 57
125 91
21 63
37 103
178 126
34 15
24 159
101 45
10 4
120 192
45 121
80 37
127 58
96 27
149 15
136 159
167 5
102 17
5 82
47 37
25 18
85 43
23 5
80 133
13 17
33 13
17 86
54 65
139 100
41 163
37 45
54 5
101 213
75 211
108 118
35 45
40 136
129 141
110 100
81 180
127 19
106 101
22 0
26 0
54 0
26 82
40 193
157 154
98 48
99 145
71 152
51 40
34 125
22 19
35 32
66 75
82 17
139 80
164 117
112 94
20 70
46 125
101 58
28 56
130 16
54 105
5 4
145 125
41 47
72 80
120 170
62 89
54 38
195 22
32 87
90 53
91 65
111 91
30 126
216 30
27 43
173 101
164 89
92 125
125 65
117 43
65 136
62 30
96 193
38 71
135 141
17 148
161 22
80 63
135 23
108 113
41 145
52 1
117 136
27 23
71 81
126 18
107 4
139 45
139 65
54 100
198 37
27 154
106 67
174 114
16 162
75 74
16 141
96 30
0 124
74 98
72 70
129 7
54 97
161 83
70 24
139 47
111 12
72 89
152 61
134 49
22 89
113 147
13 104
30 128
138 125
174 0
82 70
70 117
36 12
194 52
102 21
173 138
89 24
82 54
4 125
173 98
82 18
58 17
35 27
198 218
149 30
118 91
87 141
54 141
95 29
96 126
190 21
144 83
62 70
62 101
182 89
139 167
20 22
28 51
153 31
178 136
59 95
36 117
118 138
26 178
95 40
94 20
145 137
86 117
56 101
47 46
33 192
98 99
23 159
149 98
28 86
52 23
14 163
24 183
31 115
30 62
43 21
146 11
1 61
25 120
151 101
157 133
148 0
92 75
91 110
17 195
127 26
21 15
34 122
126 28
139 112
149 92
198 95
145 66
34 70
43 93
127 40
27 25
88 64
87 31
124 38
61 43
100 65
82 57
39 51
131 0
99 87
126 117
80 141
35 81
137 211
12 85
16 11
46 153
74 7
198 120
97 117
135 40
78 151
81 21
90 26
128 0
139 42
33 75
36 161
117 69
120 2
3 25
101 22
30 23
30 191
91 23
53 30
17 12
64 151
130 23
31 89
105 130
41 15
180 81
118 108
111 17
80 86
75 166
182 195
140 17
16 136
168 75
44 164
203 81
104 61
180 147
93 61
135 77
145 87
55 96
21 59
28 18
23 51
125 129
121 21
101 102
97 83
54 28
104 112
69 97
130 26
95 23
41 129
171 23
76 16
90 100
28 159
149 103
31 108
28 196
98 30
5 136
59 0
81 153
61 122
13 71
205 77
45 7
13 93
168 81
126 91
147 30
43 24
168 129
145 19
198 88
126 127
105 101
27 55
101 36
70 17
152 5
189 19
13 85
139 13
93 81
1 105
121 13
118 117
139 53
4 81
30 80
128 21
168 35
102 22
168 67
62 61
48 47
148 86
151 26
109 68
59 125
28 85
35 101
98 113
74 99
75 168
36 138
82 85
96 89
93 17
28 16
112 95
72 58
32 70
22 158
128 49
184 51
111 22
38 0
76 201
125 74
57 112
57 85
84 37
121 63
173 71
5 18
172 31
33 86
30 14
64 93
52 164
123 143
0 112
101 173
165 77
19 136
125 30
190 63
7 209
23 210
56 30
52 126
30 33
96 28
189 20
118 81
51 27
68 181
75 48
126 90
30 172
96 54
43 141
23 97
36 151
127 126
173 104
111 100
36 22
172 35
159 22
119 156
120 201
81 14
28 7
2 23
4 28
43 63
90 95
28 107
101 129
81 12
125 80
62 45
143 156
58 83
164 30
209 7
145 31
5 139
89 81
98 17
71 30
200 191
124 57
63 101
127 0
88 95
22 161
48 168
13 94
44 70
64 106
43 86
2 31
98 209
31 100
109 81
59 30
52 90
1 102
16 172
28 151
96 156
12 152
5 0
118 129
100 193
131 30
122 83
197 54
157 58
16 117
47 117
128 125
127 2
81 125
17 31
82 7
139 44
131 89
33 79
69 130
149 137
167 73
96 88
168 12
45 31
54 152
118 180
98 122
12 148
23 69
109 146
4 151
16 94
56 5
101 139
152 54
100 15
32 97
3 136
56 65
64 69
153 141
108 81
99 98
147 161
118 147
128 66
39 26
134 211
112 117
30 35
134 75
96 40
91 117
36 17
127 51
109 35
51 38
18 136
35 22
84 174
142 139
49 149
125 17
139 37
110 141
30 93
47 89
188 5
190 13
164 0
149 34
101 86
47 105
158 87
107 125
94 12
38 30
122 17
25 0
82 81
125 79
89 171
27 189
71 13
68 108
90 85
112 139
54 43
139 17
74 136
24 61
174 22
13 121
98 68
27 167
200 30
81 56
34 173
84 83
38 17
90 1
157 22
5 156
22 61
13 80
30 34
0 61
115 81
98 70
117 105
122 34
4 70
80 157
138 7
28 26
134 46
69 31
61 125
93 13
25 38
30 134
142 164
96 0
123 135
40 30
80 0
157 85
16 18
64 52
110 81
13 14
3 143
46 149
126 3
192 120
102 80
28 52
5 171
73 91
90 117
28 69
40 89
30 106
112 31
75 125
181 163
139 197
82 5
41 48
136 102
112 97
35 100
90 28
33 59
45 17
173 7
32 163
13 30
213 9
31 151
98 163
157 18
180 108
191 81
57 43
33 163
63 100
106 93
61 0
63 12
76 88
147 79
33 34
61 121
12 18
19 67
71 97
53 4
70 32
180 68
149 83
96 1
27 130
70 1
129 147
93 57
154 21
147 45
214 125
28 126
147 118
98 153
19 58
4 156
120 107
44 80
61 57
3 0
195 19
17 70
142 38
81 28
89 15
92 81
30 154
124 19
145 41
19 83
33 151
5 90
54 88
71 54
138 21
189 94
89 85
139 24
49 31
33 82
117 22
54 111
136 31
110 65
97 94
81 68
36 7
112 172
1 29
52 16
47 23
47 145
47 12
57 93
101 4
2 51
126 38
22 159
82 112
98 154
69 117
128 30
112 105
36 173
92 17
49 80
117 83
75 49
109 181
125 173
65 73
69 172
121 45
20 30
68 173
173 56
62 32
92 82
33 12
40 17
82 71
102 152
16 152
98 211
40 3
16 86
72 27
149 47
39 175
95 159
126 11
47 111
88 120
32 83
71 139
24 85
159 96
117 100
117 118
43 31
91 150
32 34
145 85
13 15
5 2
41 22
115 145
198 141
54 9
72 83
65 100
125 134
63 65
181 169
23 58
111 87
113 138
48 92
148 150
92 41
16 177
61 81
126 27
128 211
214 81
167 118
75 66
169 181
172 16
73 31
43 0
44 156
125 108
39 67
14 125
19 43
88 143
47 110
98 83
26 127
135 16
76 177
56 22
81 93
117 17
41 46
145 43
128 99
158 85
22 43
117 126
113 81
30 21
43 12
17 45
134 27
127 17
71 20
99 92
173 32
90 17
116 118
53 81
12 63
45 125
40 18
94 11
37 28
1 93
102 37
25 2
180 30
12 144
59 79
47 65
84 114
61 152
181 68
37 164
70 11
101 97
57 23
34 191
44 7
24 63
65 63
1 13
70 80
90 61
73 81
28 73
82 45
178 130
53 15
64 88
13 43
5 117
92 74
126 52
96 18
62 11
57 178
23 171
47 74
139 7
148 101
49 115
54 177
70 61
172 112
187 81
122 35
23 35
205 54
37 212
189 5
37 125
32 17
154 58
71 38
4 10
59 17
60 81
38 2
28 103
118 161
5 22
140 22
193 40
87 66
81 48
69 178
110 12
13 12
102 0
36 195
21 43
143 177
130 69
20 148
210 0
91 28
31 136
125 73
91 21
111 110
89 61
17 159
36 192
158 31
68 17
5 83
123 205
19 87
84 17
44 136
18 51
40 27
101 117
54 82
35 68
32 37
120 25
163 7
21 102
110 21
114 63
44 18
12 59
34 108
142 122
5 125
126 71
74 129
30 53
80 151
88 7
51 39
97 12
149 115
101 10
219 21
183 23
28 117
114 178
0 54
181 191
34 192
184 12
101 32
59 21
80 196
145 12
89 183
105 14
126 85
147 113
21 0
54 1
20 45
40 23
64 54
41 99
37 57
86 5
66 128
40 0
75 98
96 70
172 61
74 47
89 196
140 18
189 71
37 21
110 82
183 28
168 66
96 117
58 51
147 68
2 95
63 86
0 210
16 7
5 17
136 19
95 157
47 7
68 45
184 16
184 38
34 121
145 91
16 15
153 15
17 183
14 185
3 16
64 61
53 139
145 149
28 102
66 81
101 18
119 17
70 136
114 19
153 81
139 51
30 141
68 7
169 151
43 213
105 88
43 64
38 23
92 19
30 113
143 50
31 12
22 29
121 23
163 118
1 104
190 93
205 123
108 18
121 86
62 35
139 69
136 40
24 82
177 95
82 21
23 124
111 54
12 141
105 61
139 49
115 137
82 2
47 86
98 121
129 181
60 67
56 85
110 83
65 125
117 93
142 9
98 137
58 133
191 72
115 149
101 150
163 173
105 70
171 125
31 125
1 12
72 87
64 11
59 9
48 46
116 125
1 199
15 83
87 131
56 125
81 99
88 76
3 96
52 28
56 12
173 118
13 23
115 49
22 13
117 85
145 163
27 85
121 15
41 211
44 12
109 169
139 61
127 22
28 57
103 125
20 97
14 45
71 94
5 51
172 64
33 91
75 46
16 25
30 10
145 99
20 14
220 221
40 58
97 150
76 135
26 18
149 37
157 15
180 15
81 1
66 99
149 134
35 117
32 151
95 22
178 117
117 172
167 85
159 58
52 83
99 168
108 31
91 52
97 13
26 117
64 100
105 13
127 85
15 11
72 21
143 27
13 0
200 117
58 27
59 18
59 141
86 136
16 1
72 51
17 81
81 83
138 129
84 178
102 136
105 69
130 52
80 7
50 144
99 211
213 0
128 12
124 1
81 150
97 82
125 12
166 7
90 21
82 125
105 97
108 169
40 39
76 205
106 87
81 214
75 99
35 31
43 91
166 48
33 22
59 58
16 96
81 46
184 81
64 22
35 161
37 0
20 7
145 81
22 35
23 64
148 81
104 30
35 125
1 124
176 30
191 18
52 93
33 158
112 15
93 71
195 40
194 105
23 57
24 161
28 17
72 4
34 118
91 112
44 81
96 65
86 64
44 120
146 81
1 20
14 13
130 126
146 161
23 15
115 31
78 35
28 130
35 51
93 12
33 124
71 61
68 163
59 133
33 68
113 35
74 168
73 13
169 89
33 100
139 136
172 1
191 7
51 18
70 102
213 43
21 86
98 128
110 4
122 63
36 21
56 95
108 180
71 117
93 0
216 180
23 71
131 12
203 30
45 63
47 149
142 212
23 121
149 21
72 28
129 113
135 195
207 222
5 70
17 11
98 145
177 16
47 33
48 75
47 137
31 73
135 18
13 91
152 0
149 191
75 41
102 35
135 88
112 45
34 22
168 153
98 151
17 27
120 143
182 18
117 112
47 102
21 101
59 13
130 0
95 154
44 73
30 96
13 11
81 13
30 81
82 28
43 19
47 21
31 23
149 129
136 171
13 97
101 167
157 12
134 18
81 45
72 118
109 180
3 51
19 18
101 90
95 127
75 31
149 49
64 112
45 15
22 83
171 31
37 5
61 1
62 105
119 117
98 173
28 112
139 87
28 90
194 63
4 30
47 99
30 54
136 148
98 92
41 137
101 100
205 37
85 61
210 23
127 31
125 35
44 34
38 120
105 31
40 67
148 5
110 26
98 105
27 86
41 147
86 1
44 117
96 61
64 15
131 139
19 29
58 3
30 28
99 134
166 43
70 45
62 12
30 119
52 178
33 188
23 82
139 35
31 171
23 1
72 147
13 5
36 31
28 27
146 109
52 15
24 12
112 43
173 108
134 47
16 67
12 30
31 86
126 95
172 23
76 7
112 159
0 63
121 12
19 106
119 68
81 92
25 51
43 89
30 85
112 102
56 15
41 70
82 26
10 21
106 112
39 195
71 106
98 64
22 102
91 17
136 28
20 12
216 163
91 61
128 209
70 43
101 63
166 49
89 73
194 12
71 27
22 17
0 17
96 69
116 12
178 28
21 100
30 18
126 143
29 22
43 106
90 31
152 86
43 121
36 59
23 112
81 74
101 7
125 4
139 0
118 34
112 120
91 87
98 109
100 83
20 0
125 45
107 88
154 30
191 68
152 101
100 158
85 117
19 57
101 61
44 37
82 11
47 43
127 136
168 42
26 96
31 90
37 38
186 125
80 83
164 125
91 111
30 41
39 19
53 82
21 22
194 86
159 127
81 7
125 75
7 82
30 89
88 135
28 172
149 48
64 172
41 12
97 15
91 210
140 0
68 36
117 28
126 112
102 54
52 53
139 131
47 63
183 17
104 13
0 86
51 117
101 85
96 15
28 110
134 99
81 30
45 86
127 141
89 30
194 0
82 86
12 17
46 48
128 13
89 136
192 34
88 3
3 126
58 19
35 2
142 37
58 22
151 163
33 157
47 75
40 31
182 85
0 38
125 63
164 171
189 23
208 19
55 95
32 18
52 5
90 2
172 52
55 18
188 0
41 75
102 81
12 81
158 73
136 5
5 23
30 90
115 66
161 117
204 81
7 1
193 39
28 120
97 125
71 11
112 93
0 12
171 136
90 58
79 136
53 31
126 105
1 19
55 54
37 88
81 146
112 144
16 12
115 98
124 97
191 151
31 130
24 32
34 81
159 95
108 136
139 28
145 22
112 69
57 82
147 15
191 22
0 94
0 97
4 73
106 100
19 21
109 108
93 1
116 119
88 205
65 91
97 91
70 20
110 15
138 167
101 44
210 91
33 69
191 154
78 29
69 96
23 106
191 118
92 211
27 29
44 51
3 26
13 124
56 148
139 18
180 169
1 45
30 45
33 32
28 22
98 59
147 108
91 0
45 61
59 86
45 12
92 66
20 136
168 59
46 98
91 81
56 21
190 12
32 124
75 145
56 122
117 21
212 154
126 178
29 27
26 27
66 49
80 61
88 77
37 56
182 136
88 37
178 57
107 54
149 7
31 134
130 25
30 56
116 138
184 164
72 22
71 0
205 61
16 83
21 4
36 32
59 51
72 32
175 39
76 95
105 1
47 61
25 154
151 31
184 178
91 69
178 54
32 4
100 70
56 54
104 117
28 100
100 85
16 35
72 85
74 66
19 45
99 47
81 82
129 68
130 31
4 52
28 183
17 0
88 123
43 15
30 100
52 13
118 169
111 47
178 51
49 7
33 19
93 82
73 22
119 129
108 19
40 195
70 23
69 23
81 129
72 31
13 89
82 157
71 64
134 129
49 134
56 19
21 117
32 79
159 117
10 12
178 16
129 101
149 166
91 158
72 125
33 159
191 101
125 151
68 34
117 26
32 24
80 102
101 158
72 90
12 80
71 82
46 81
2 90
125 147
3 6
101 38
22 90
91 22
6 3
74 42
12 125
46 145
136 54
36 30
86 70
87 101
0 28
129 138
10 70
69 126
138 41
99 66
188 57
28 125
61 189
151 7
20 189
2 130
19 61
104 97
199 38
126 156
106 15
30 149
79 117
125 31
16 23
169 109
82 124
61 5
30 65
96 64
19 95
23 2
64 136
98 101
81 108
30 67
145 166
130 172
90 127
2 136
215 13
36 87
73 58
91 100
12 31
143 120
136 117
28 65
63 15
166 142
24 23
28 43
101 191
51 82
70 152
41 67
21 17
166 128
108 65
1 0
172 69
55 136
208 196
101 81
63 81
72 196
44 79
44 30
27 59
32 147
78 98
167 90
98 147
82 91
126 164
35 95
52 0
23 30
13 170
105 22
168 128
137 46
59 100
112 38
166 42
117 79
31 49
149 35
123 105
89 154
22 58
198 196
63 43
84 85
12 22
70 148
23 150
30 200
127 170
81 191
118 83
80 89
82 93
139 82
114 83
86 17
127 195
54 13
147 56
3 127
78 7
199 156
127 156
76 116
169 146
102 70
82 12
129 167
105 102
0 80
61 45
31 158
106 43
101 125
157 196
80 81
76 2
148 70
112 90
14 63
20 61
13 1
156 27
12 101
27 19
47 98
1 54
80 159
205 177
167 79
65 86
27 61
190 23
205 76
47 108
40 141
183 101
16 28
71 70
71 93
139 32
68 32
143 28
159 100
45 18
148 11
44 58
65 108
120 28
96 11
104 71
94 13
4 21
169 30
31 35
30 59
44 139
118 17
43 70
1 5
52 30
73 65
100 12
45 147
81 116
115 75
159 133
28 30
25 28
134 125
4 22
39 136
101 28
145 108
71 112
27 32
168 15
96 141
40 86
151 21
97 0
58 85
89 79
134 108
205 88
46 211
20 117
127 27
46 75
27 96
18 85
62 117
1 221
96 7
114 61
30 136
174 178
7 43
74 211
126 136
128 153
172 17
105 5
7 81
169 81
72 17
90 38
1 14
92 30
26 23
23 90
183 70
51 58
17 54
5 100
71 57
101 11
13 69
54 117
164 28
2 117
205 0
76 114
33 178
139 22
151 4
100 31
33 31
94 112
16 126
