176
12
18
110
99
283
25
16
36
27
92
69
92
150
20
144
75
75
159
163
240
55
47
48
78
21
38
98
57
34
99
136
271
12
149
70
31
13
109
186
51
78
240
22
57
46
77
183
35
52
71
23
97
29
155
165
64
45
42
48
12
109
47
50
27
116
65
26
92
14
96
97
183
22
86
42
37
89
190
39
95
73
40
101
78
107
5
102
40
37
32
114
0
144
82
13
73
94
2
70
168
92
49
147
570
71
39
10
136
36
168
15
98
36
15
35
667
70
81
49
122
34
72
124
45
71
24
94
34
147
14
82
37
127
19
72
20
52
106
140
74
28
46
86
113
41
34
71
146
51
17
93
966
84
30
165
100
117
19
154
220
48
95
112
274
142
53
36
69
119
206
34
36
131
14
40
60
10
7
162
32
15
47
79
18
542
31
218
162
6
22
44
35
175
108
121
17
137
300
158
122
66
89
204
35
159
198
80
31
15
169
35
69
54
94
42
28
1259
36
66
21
46
58
214
78
18
35
128
112
32
35
99
30
29
146
62
18
163
64
90
7
23
6
18
660
204
19
48
45
139
76
97
48
436
147
28
47
25
18
40
2
16
70
125
47
75
7
39
46
1
146
57
15
37
33
89
213
51
212
256
105
161
64
99
72
81
18
40
140
32
26
63
27
199
265
190
261
27
56
35
42
25
97
22
10
11
57
68
83
48
81
276
84
39
58
54
32
19
134
171
20
88
64
51
68
40
39
130
98
151
112
28
164
8
70
92
668
53
29
4
43
19
29
31
26
152
297
195
19
73
93
93
182
97
11
91
196
30
55
44
43
24
136
71
152
59
82
131
95
72
238
35
62
92
100
36
89
40
52
130
76
73
46
36
163
20
44
71
48
133
99
97
92
88
39
57
58
33
75
64
10
110
92
53
145
33
171
146
104
31
21
34
26
247
1119
128
59
275
548
142
33
36
28
319
333
38
85
322
11
97
110
45
28
35
212
78
70
189
30
150
47
35
218
162
28
39
51
108
19
38
101
20
201
275
88
18
29
173
497
34
60
34
355
114
132
47
58
12
206
24
264
35
25
62
192
141
59
65
108
152
291
26
62
42
10
44
152
40
238
34
55
80
76
155
114
64
64
122
92
36
102
72
68
86
36
71
53
15
18
79
17
56
41
117
100
86
65
20
58
40
32
13
154
14
139
26
127
67
159
41
158
15
63
27
13
193
24
9
21
76
17
36
9
72
52
1290
1
85
186
89
105
14
107
312
66
63
58
26
22
24
91
43
111
31
96
231
17
65
107
49
199
92
16
52
194
118
137
9
135
105
51
106
70
18
236
144
120
38
5
145
292
7
90
21
112
48
63
92
218
170
79
64
34
91
184
112
6
224
10
104
40
62
196
31
130
128
216
41
106
101
122
39
57
27
46
14
66
247
38
15
71
122
32
140
13
82
65
61
152
40
27
80
150
28
13
121
28
227
131
150
23
281
67
90
350
73
32
72
102
78
92
82
118
69
355
64
114
36
121
195
59
113
17
92
31
36
447
33
57
45
63
36
143
197
108
54
106
84
68
64
24
43
202
69
119
61
6
99
147
87
214
30
73
135
125
168
12
105
150
254
29
22
119
122
74
67
52
84
119
266
31
77
80
74
50
79
80
81
375
15
110
142
10
47
35
81
102
93
20
236
37
14
24
142
24
119
675
66
85
6
238
186
70
38
63
309
33
126
36
35
153
86
199
110
61
88
13
76
23
192
194
76
36
128
165
28
93
191
49
130
8
81
98
134
27
155
24
23
66
16
158
241
22
115
238
79
18
47
89
57
72
27
29
94
18
21
30
143
67
76
25
84
38
20
90
181
163
48
61
26
60
61
114
61
69
111
81
56
112
37
262
29
125
87
57
132
107
94
80
40
160
41
81
204
72
99
55
39
20
21
87
101
11
4
102
60
37
126
35
70
15
4
52
12
139
50
69
61
49
110
34
72
22
72
75
108
36
127
61
159
14
68
833
43
112
54
85
50
72
65
196
164
72
16
160
116
145
58
15
78
86
36
40
24
72
104
71
389
86
95
62
26
185
579
37
22
35
54
68
171
84
17
118
43
44
63
35
244
35
54
106
516
34
17
114
140
10
110
167
29
48
208
126
79
79
60
121
45
34
40
68
141
69
46
22
161
138
29
89
122
71
61
43
206
153
197
104
86
137
101
16
58
577
50
21
24
295
211
139
66
104
131
147
86
35
183
77
24
27
151
107
208
31
216
91
38
27
7
53
34
28
215
65
9
705
597
108
103
29
54
190
158
141
40
216
209
20
243
168
46
89
75
43
105
200
100
23
156
121
263
251
80
44
6
64
12
56
12
84
56
103
64
48
37
25
74
159
173
102
220
164
107
20
31
99
210
45
183
20
24
141
31
163
10
135
39
61
37
65
268
132
110
202
270
77
268
73
44
650
84
43
178
66
40
58
44
122
88
21
52
26
17
114
98
67
63
213
181
27
58
21
72
20
37
57
23
66
241
40
48
189
155
137
113
96
121
44
102
160
54
97
160
72
6
54
85
31
57
160
23
2
103
58
72
50
42
134
10
61
36
67
77
70
132
45
83
143
201
103
52
157
126
64
44
39
147
10
17
90
36
21
137
77
4
41
64
43
244
59
83
63
124
61
58
119
28
5
5
10
93
118
25
11
353
175
16
123
26
92
96
75
13
139
132
46
118
75
74
40
89
78
175
43
80
113
236
69
30
286
12
85
86
192
83
38
99
84
137
224
82
222
95
68
155
182
26
141
50
39
148
98
54
65
124
59
23
73
51
150
39
19
575
139
37
204
124
88
97
126
130
43
13
42
130
1
188
30
79
104
43
142
148
83
148
493
160
57
174
191
68
41
12
148
99
112
47
10
62
30
22
108
90
189
28
154
243
190
110
69
125
207
139
29
125
29
199
81
198
51
22
67
172
25
121
18
198
115
86
69
102
78
135
186
81
59
114
38
73
81
56
48
117
18
22
267
118
176
85
50
80
46
70
89
28
20
30
33
27
57
87
59
89
78
30
18
243
45
13
196
26
42
141
53
116
89
125
91
10
31
24
222
184
157
32
82
21
158
15
50
78
48
87
38
19
110
57
68
85
38
99
51
179
38
83
13
115
85
17
745
61
24
90
43
155
109
83
79
101
48
191
103
31
179
51
44
14
81
241
78
47
18
49
31
203
47
73
75
251
141
28
76
61
82
19
9
631
87
275
56
80
159
155
15
32
8
98
8
184
144
122
206
27
47
61
22
9
8
93
87
10
66
20
36
191
99
58
69
120
82
24
16
184
60
178
66
69
75
136
133
50
394
12
17
67
235
48
105
144
398
43
137
20
220
53
50
141
9
60
7
80
48
162
1125
223
96
404
143
216
71
80
64
116
73
33
84
128
19
10
7
103
27
37
97
50
92
20
67
7
38
97
28
96
47
50
67
511
127
20
93
71
179
147
79
45
71
244
22
97
33
95
67
58
197
181
68
41
144
80
53
78
302
95
267
53
340
371
104
290
61
192
3
44
34
222
31
130
52
77
35
97
65
74
24
433
42
143
29
69
38
54
12
35
12
35
59
28
65
93
132
163
57
140
46
50
223
79
78
46
137
73
8
67
161
24
129
155
60
273
10
75
34
46
271
42
89
68
11
263
83
92
52
41
84
44
218
115
140
150
99
128
33
69
142
51
78
58
21
63
76
57
158
204
41
24
55
143
34
86
20
35
60
171
23
61
39
65
239
145
110
57
153
11
118
137
35
55
71
127
162
95
86
23
113
152
28
180
139
134
26
184
51
100
97
63
81
878
87
92
345
36
62
822
185
132
25
70
433
40
114
139
8
106
86
10
31
35
58
36
90
155
21
106
66
84
65
73
33
132
85
93
164
73
62
421
181
122
29
808
35
89
21
228
26
63
10
180
190
50
97
109
113
93
107
90
37
45
58
64
34
84
171
98
24
156
62
15
35
95
9
110
147
113
68
0
28
79
106
28
9
44
31
53
14
80
64
129
91
111
14
24
105
73
168
51
119
168
1
42
227
34
242
124
92
89
194
19
57
84
48
7
89
65
141
67
62
245
77
101
39
115
100
443
92
145
62
57
135
104
49
69
65
23
67
107
17
688
268
69
249
90
33
81
228
500
119
6
31
200
27
191
10
62
88
47
200
77
161
79
356
47
17
9
15
79
139
82
107
6
76
62
23
244
27
160
88
269
163
17
50
83
27
90
20
69
1
59
18
58
58
31
61
441
43
114
107
8
115
135
120
258
44
228
19
33
19
12
84
62
115
145
18
23
55
69
17
22
56
15
12
48
23
130
30
321
57
30
37
48
10
112
200
154
118
113
25
82
121
98
30
28
125
90
17
156
282
36
225
10
279
13
45
28
25
26
68
87
55
6
200
236
64
49
27
57
240
51
118
18
65
43
23
11
83
25
211
73
128
43
117
18
147
55
257
127
66
58
94
31
33
143
94
37
26
117
12
150
75
145
153
33
20
67
263
12
22
185
117
31
28
122
46
99
150
54
20
12
56
144
68
48
11
75
4
126
30
69
75
59
97
145
74
237
110
78
401
40
37
141
64
261
59
24
57
150
23
124
88
52
37
85
165
79
503
58
18
33
43
67
46
56
268
208
52
34
49
46
31
58
31
56
16
39
65
192
115
126
34
251
186
36
25
295
75
121
116
29
23
20
97
214
21
130
54
49
46
34
203
917
312
31
62
39
40
6
19
32
78
178
38
120
9
263
60
278
19
17
138
87
204
82
60
89
38
40
139
92
191
68
701
128
76
110
29
243
154
127
135
56
16
11
146
72
60
186
26
64
74
47
242
285
192
98
16
133
111
53
125
30
102
159
52
37
47
104
35
58
45
71
23
164
16
71
117
30
135
91
13
1430
39
228
154
54
224
201
58
40
37
74
111
79
128
21
117
131
64
94
78
32
103
80
32
119
71
118
265
164
169
52
56
44
129
58
92
20
193
220
113
82
11
18
651
26
122
5
28
13
113
199
398
34
39
122
146
49
251
18
15
200
26
120
144
24
284
106
86
279
47
29
52
26
79
34
27
105
172
100
163
292
52
646
200
134
102
76
212
473
30
99
70
122
17
45
82
31
70
51
14
87
95
39
227
45
60
44
1164
11
69
34
158
110
36
58
699
36
82
91
28
60
101
37
108
112
88
81
28
214
76
40
38
103
119
59
33
14
79
28
102
126
10
230
57
95
27
288
78
19
21
166
55
66
144
82
38
16
16
97
167
40
8
118
138
50
49
128
34
167
189
61
57
125
93
51
107
35
73
54
214
14
123
128
33
71
30
59
147
30
39
139
5
10
166
146
213
40
203
13
56
266
111
60
59
220
52
64
98
115
278
117
86
31
25
138
65
45
42
184
294
112
75
8
100
67
154
63
168
27
27
61
85
66
568
29
162
227
28
27
102
101
39
33
54
46
55
180
124
37
166
216
86
7
16
87
65
219
15
92
177
190
56
53
18
126
111
70
64
168
7
96
39
22
31
127
40
173
141
61
101
37
104
94
28
83
213
40
122
69
178
75
6
8
107
56
49
228
80
26
48
20
150
128
232
228
46
143
153
32
65
72
270
106
33
118
52
19
93
30
39
124
99
116
69
33
454
160
1145
58
72
72
17
52
45
95
66
34
160
178
15
131
160
194
39
196
29
36
143
38
27
155
111
55
144
5
8
8
18
78
27
127
290
85
84
109
50
199
61
192
44
169
324
42
35
82
43
37
42
127
30
147
232
31
191
22
200
32
220
141
78
52
103
31
108
169
110
52
49
72
92
185
72
66
118
746
84
26
123
42
64
14
75
76
140
102
43
94
74
55
144
178
81
44
84
19
58
90
37
61
49
83
28
61
179
701
24
65
39
169
214
51
14
52
173
15
134
349
163
85
16
45
59
374
105
33
18
35
62
6
12
148
550
191
62
76
85
92
161
165
53
72
35
302
91
81
183
92
13
52
40
54
107
432
15
25
37
108
36
78
126
98
116
174
56
41
99
7
65
27
52
54
171
104
44
89
64
156
170
56
1034
86
153
60
64
16
40
71
101
76
71
103
69
100
33
71
100
16
14
42
84
83
85
16
16
57
30
126
101
68
80
25
102
63
13
102
233
88
36
33
115
50
19
142
49
210
73
50
31
84
206
55
96
57
67
12
5
91
109
165
46
30
37
36
64
86
82
83
50
70
123
76
18
27
96
19
258
43
142
132
47
104
94
145
52
215
29
86
71
92
85
104
25
19
32
220
53
32
238
84
80
56
119
31
175
15
112
15
25
63
51
27
133
56
40
68
77
140
137
23
20
61
45
76
595
92
1276
76
57
14
48
75
207
47
92
7
91
60
61
186
14
40
56
17
34
27
11
138
27
43
22
97
145
31
16
15
21
84
108
61
30
125
18
46
77
45
54
309
99
60
79
11
41
60
60
198
45
159
326
13
16
160
13
63
147
281
64
92
60
62
29
120
10
77
86
92
24
179
33
150
153
74
172
8
159
27
105
322
100
87
43
15
648
66
185
71
64
261
130
162
27
31
92
64
47
170
37
66
87
140
28
130
57
90
102
55
20
27
38
62
22
61
101
42
1388
108
127
42
14
133
71
80
117
27
35
9
12
74
39
145
170
91
91
268
42
96
161
177
48
122
219
113
100
30
34
92
15
147
89
36
89
33
54
82
34
73
41
94
85
12
75
163
140
163
40
36
144
240
45
64
231
115
46
133
48
131
137
10
76
106
54
176
228
414
15
123
147
136
39
53
75
111
12
104
150
229
43
129
150
159
48
72
65
169
166
146
87
41
30
74
21
132
126
24
26
62
41
1523
93
66
122
39
34
205
552
7
97
69
15
57
52
108
146
146
59
89
32
269
67
20
53
10
4
96
177
75
204
1647
245
91
167
123
137
34
3
28
342
148
27
144
158
40
175
232
315
20
57
55
67
140
75
42
44
35
93
144
1020
167
38
45
278
888
35
58
176
74
12
92
46
102
55
196
31
47
28
260
35
110
74
62
47
71
21
35
106
21
37
48
143
25
34
91
24
45
41
37
8
225
42
163
975
9
14
31
12
45
24
76
142
40
88
62
54
36
159
21
75
151
35
26
31
36
103
245
62
45
220
49
53
85
154
37
60
45
74
118
97
109
145
20
334
45
18
21
32
74
77
56
39
47
81
132
39
88
56
149
105
874
221
1451
33
129
326
22
41
145
145
95
68
120
23
151
8
104
267
4
46
346
137
337
152
61
52
109
184
49
52
92
106
10
23
32
52
97
103
208
120
129
62
127
153
81
428
106
453
25
145
93
52
100
34
50
84
13
9
321
66
132
35
47
163
248
69
165
15
30
55
208
204
12
130
42
45
3
54
16
17
48
27
28
78
8
72
108
235
587
67
163
144
147
763
33
136
18
30
35
109
158
88
52
26
4
160
206
92
47
31
141
4
109
16
103
62
25
50
15
56
45
80
66
16
111
19
56
231
58
342
155
23
45
149
510
61
60
156
109
52
80
34
31
35
29
62
32
175
17
47
37
22
40
181
112
32
87
80
53
84
148
22
107
55
39
31
29
57
38
45
66
28
15
74
535
119
105
18
38
7
30
70
59
17
46
76
115
78
10
14
46
150
12
163
16
18
175
11
17
38
17
81
191
58
184
165
33
116
16
88
165
65
34
34
95
46
47
87
44
34
21
92
208
67
162
80
24
211
130
77
86
120
75
380
49
55
21
53
205
55
243
46
30
140
226
145
10
30
27
43
44
90
21
159
51
77
221
6
154
74
130
64
43
136
108
30
14
78
55
205
66
45
81
47
6
162
96
32
55
3
14
85
67
142
40
25
147
29
23
16
44
1728
31
41
21
133
8
28
64
23
25
316
21
63
193
41
47
136
17
65
80
71
61
80
88
29
191
103
98
97
159
54
73
41
15
20
68
97
21
32
229
54
27
50
66
20
49
241
83
57
25
65
45
174
307
81
33
53
69
142
53
112
56
69
109
141
378
17
40
95
121
215
55
44
73
73
149
111
11
78
67
7
119
154
66
206
77
277
87
48
63
161
2
196
60
68
204
30
82
116
28
70
96
88
242
33
8
205
57
139
112
54
56
12
45
47
18
370
132
295
97
26
19
161
51
104
19
107
36
77
51
72
104
240
121
124
56
20
17
27
147
110
8
44
104
34
22
158
24
51
111
25
45
41
36
131
44
45
37
75
86
110
40
5
21
10
64
127
226
109
105
125
42
35
66
248
208
89
49
68
73
77
17
21
107
94
7
69
133
23
86
38
67
18
369
253
34
77
54
125
55
88
48
121
27
50
143
410
82
45
107
166
58
41
93
274
135
41
173
55
193
65
262
60
105
15
17
423
72
99
472
112
40
55
121
36
44
45
50
250
20
195
140
54
184
84
172
110
36
288
55
108
31
117
93
39
49
127
38
78
82
101
24
131
103
24
178
42
147
14
49
146
156
164
54
95
196
48
78
24
28
36
306
63
49
274
505
50
51
46
42
30
149
54
83
169
203
68
106
87
43
24
282
181
32
26
135
34
228
180
76
70
98
53
34
37
89
31
30
61
61
35
97
176
37
216
89
30
143
44
86
129
44
96
16
35
12
160
99
56
62
49
396
138
111
79
46
164
30
220
118
352
48
9
107
154
20
35
85
224
202
57
184
116
105
60
57
169
93
191
126
117
69
81
136
99
63
107
113
38
20
46
35
25
79
18
143
49
194
172
27
57
40
75
91
21
10
17
48
20
72
86
25
136
52
10
167
28
10
196
295
83
155
7
42
80
115
43
75
118
13
36
63
148
59
22
35
44
136
86
199
24
122
138
79
99
46
161
27
133
68
157
47
110
246
131
31
381
56
229
13
91
78
102
82
63
371
261
40
172
5
100
113
90
60
168
59
120
134
14
92
58
63
109
39
81
362
60
103
60
5
205
23
96
68
187
47
19
98
40
170
1
9
154
136
24
144
22
20
129
167
33
98
146
226
207
132
24
20
44
220
69
63
75
6
153
91
186
122
22
139
554
158
387
62
77
30
33
75
119
7
80
148
232
54
73
42
136
27
67
53
17
30
16
36
48
369
97
94
91
69
22
172
361
170
113
28
111
62
38
88
113
74
134
10
23
55
87
36
174
95
78
77
7
146
197
53
98
80
281
18
69
138
29
137
116
75
65
154
26
256
60
213
49
45
11
90
93
68
344
219
89
178
289
175
46
145
115
253
111
59
70
109
16
23
3
6
51
242
122
232
184
18
16
58
81
53
13
80
119
147
41
694
190
63
48
72
146
210
16
152
33
56
65
234
256
71
8
68
62
199
158
192
40
79
46
26
78
38
94
30
168
26
32
148
110
28
119
2
65
22
116
88
20
198
100
97
6
163
74
90
18
73
156
65
69
51
56
74
190
30
138
23
51
38
42
111
105
140
21
86
57
10
44
280
12
65
48
116
147
38
11
22
401
92
193
48
104
50
108
147
59
62
20
134
16
19
39
95
63
34
267
30
56
59
89
66
106
245
102
20
81
91
147
93
271
29
83
27
8
60
94
169
165
118
212
166
164
54
17
80
86
93
42
179
115
30
25
70
62
123
133
32
10
54
26
96
22
41
131
52
93
53
15
71
47
14
51
147
11
50
40
6
31
162
122
120
103
29
50
7
58
92
119
17
461
55
186
144
249
84
23
15
46
38
18
239
185
275
138
23
116
53
102
64
334
61
71
72
147
56
32
60
40
93
38
86
27
37
32
167
287
217
222
687
86
142
21
269
228
44
84
68
118
127
248
128
244
211
39
55
23
5
118
833
75
29
120
174
24
42
56
60
35
34
146
25
50
3
17
5
142
66
20
28
6
2
50
48
13
201
98
222
58
249
125
31
47
36
36
141
203
116
15
23
34
107
74
69
54
1121
105
88
208
24
87
118
5
83
62
42
15
137
144
118
30
19
32
75
125
111
12
243
126
569
82
32
95
24
28
175
42
62
15
106
20
131
149
8
74
157
15
23
85
87
71
167
89
213
31
186
160
16
43
128
117
8
132
32
73
126
35
119
54
88
106
55
135
309
183
73
63
31
145
41
32
24
27
96
9
76
133
80
110
7
28
13
97
499
91
52
36
99
249
24
27
25
39
76
55
45
83
49
62
67
62
97
72
63
121
195
82
14
9
33
46
280
91
22
130
109
33
24
147
118
167
141
13
36
44
255
269
135
180
63
88
20
17
5
75
113
221
39
14
66
24
90
214
61
23
148
21
33
95
62
129
58
50
144
54
62
19
72
170
167
171
276
138
98
92
149
42
29
37
45
156
12
48
80
365
129
33
130
76
41
140
165
15
63
117
57
28
27
44
58
122
73
57
266
48
72
33
83
53
137
52
63
123
126
91
34
269
200
130
90
4
146
130
22
37
379
55
84
90
265
35
40
53
123
42
127
162
223
33
13
70
111
186
57
215
57
128
36
78
68
16
98
161
23
65
88
52
169
46
105
200
119
210
34
39
48
225
15
35
95
285
69
8
109
42
52
479
127
65
17
103
338
68
52
57
1
180
181
79
124
22
94
63
21
113
29
129
44
83
34
72
33
102
18
33
96
41
15
14
170
24
47
138
192
124
90
467
142
63
28
131
49
99
126
123
78
165
103
17
108
92
115
220
16
43
203
194
44
53
134
63
66
109
20
178
62
18
97
49
73
87
17
27
73
88
72
42
98
49
66
158
29
37
104
101
137
52
96
132
12
86
118
44
17
160
24
143
22
51
112
562
51
13
129
9
61
42
12
11
50
59
12
63
155
176
29
152
12
99
13
52
111
70
28
87
87
215
22
55
36
124
38
21
24
37
24
108
141
44
31
157
9
132
102
59
126
122
341
147
151
115
199
45
19
11
34
269
87
62
14
44
65
36
243
318
121
41
29
133
43
1275
116
45
151
83
33
42
136
43
56
27
50
157
5
27
37
163
68
41
437
182
195
39
82
33
227
129
61
142
56
115
19
13
149
154
49
37
151
15
127
48
96
41
21
137
188
62
219
91
145
162
40
69
75
26
36
33
25
164
6
43
75
54
46
148
26
5
165
32
362
86
28
44
22
39
15
70
140
68
52
98
132
75
59
18
55
221
48
560
64
56
230
95
46
139
108
35
13
105
110
129
26
289
235
42
23
38
61
175
98
11
51
131
55
21
13
161
183
23
46
83
93
318
23
24
114
22
102
119
90
57
32
184
29
141
156
47
97
154
205
52
36
110
249
13
157
64
129
55
51
47
22
20
148
64
59
109
157
103
50
88
57
39
95
50
186
157
207
90
23
41
34
46
24
9
44
24
61
49
91
89
27
261
20
60
154
143
42
144
132
108
157
46
111
55
6
71
174
131
30
97
75
283
82
50
82
247
69
21
74
46
225
145
25
43
152
106
55
235
65
102
15
82
96
102
59
5
133
135
34
240
109
94
151
57
36
8
94
76
228
5
116
30
57
171
25
168
15
56
56
23
49
179
162
55
136
100
223
64
54
58
42
31
152
156
231
48
27
61
141
128
184
66
210
102
134
23
184
143
33
6
9
258
79
70
190
114
312
41
95
66
10
98
136
9
51
129
237
52
114
23
25
62
28
229
35
124
106
57
130
14
17
47
17
4
338
93
53
121
11
277
81
32
113
131
55
22
34
118
107
98
41
21
52
81
56
31
242
63
168
62
65
105
83
95
105
61
15
157
56
129
133
20
28
31
42
27
39
138
72
29
47
126
273
51
19
16
64
66
45
26
40
111
46
34
35
196
21
317
76
146
20
111
24
77
36
5
87
170
54
92
26
41
44
122
35
11
20
33
153
202
142
90
351
133
13
349
128
385
64
62
26
47
171
90
249
33
119
314
188
32
38
15
109
55
66
114
43
11
43
113
62
56
59
42
58
82
95
24
126
124
42
43
444
220
62
38
83
82
57
5
61
33
19
70
62
36
38
37
23
43
203
89
61
103
50
387
2
82
65
218
26
83
63
49
1086
77
71
178
33
32
45
279
34
263
63
17
24
43
59
31
191
1198
144
157
66
104
8
26
119
70
134
84
127
139
92
409
99
72
15
86
60
93
213
21
20
93
95
31
76
106
41
223
47
37
6
58
73
120
96
20
16
49
18
219
96
137
53
18
80
16
106
13
29
32
135
57
135
98
38
48
74
69
141
157
165
87
101
152
94
128
105
21
112
69
40
121
45
92
10
119
39
166
15
23
102
22
38
118
75
58
15
32
34
122
56
112
92
48
112
29
27
113
76
100
11
109
19
242
50
421
112
31
59
35
162
35
13
56
128
145
16
170
75
72
108
21
58
14
32
26
178
95
121
300
35
75
175
41
180
26
153
85
45
141
65
7
128
82
131
100
48
105
82
126
22
28
74
75
44
43
67
217
95
24
152
251
6
45
40
65
23
105
47
5
65
33
9
91
114
26
82
10
97
93
35
186
50
179
67
18
67
28
5
44
116
53
164
115
98
184
62
103
171
73
41
14
242
121
29
80
163
49
83
22
56
46
60
185
59
21
55
44
55
423
678
61
123
25
141
142
38
90
208
3
45
54
47
31
251
118
18
92
42
156
56
30
204
668
214
49
114
114
44
105
348
23
125
60
829
8
95
508
64
12
11
41
163
59
33
104
44
23
51
32
33
30
23
45
23
151
89
48
240
19
80
120
13
1846
213
57
263
109
48
49
143
75
15
40
178
13
92
8
39
22
154
59
202
61
43
63
28
187
70
39
67
40
56
147
43
106
48
76
222
52
127
8
70
35
7
71
84
143
59
765
73
39
32
60
98
28
66
97
155
8
18
96
107
40
32
154
233
36
154
123
457
80
135
173
98
23
133
37
37
62
25
29
99
161
33
13
329
70
33
8
18
78
36
77
147
68
51
164
92
149
89
228
117
41
69
251
151
147
76
30
12
77
47
157
133
228
65
45
16
103
64
19
78
19
29
21
35
62
146
56
78
175
65
56
140
5
194
128
53
76
178
141
22
306
68
153
22
88
43
69
116
99
108
33
112
92
102
27
37
56
23
109
242
81
71
137
122
12
88
88
107
54
31
116
24
27
94
104
88
149
48
14
139
47
106
324
65
70
102
176
22
74
50
282
30
44
81
39
88
36
100
76
219
38
46
262
129
88
39
35
50
6
326
132
29
78
59
43
47
63
161
73
185
140
35
207
78
94
27
27
52
125
19
295
41
63
57
98
140
16
102
32
53
137
163
22
101
53
164
90
107
132
112
103
79
142
25
5
35
85
330
49
20
301
99
110
188
38
70
124
442
35
229
58
33
116
57
29
109
29
161
64
11
285
1129
46
132
115
39
393
175
154
31
37
84
93
41
38
52
85
114
82
43
35
375
12
52
110
266
34
58
124
168
35
17
94
49
60
28
74
140
135
171
108
87
30
278
220
156
88
22
197
105
28
55
163
147
91
279
59
63
59
167
200
9
55
40
64
16
120
152
100
64
76
96
115
26
25
166
20
94
118
68
56
143
23
151
71
53
67
7
110
13
77
136
20
38
94
44
100
42
70
97
77
64
63
116
80
166
59
96
83
24
139
82
202
364
30
128
64
68
19
25
144
42
33
33
164
45
75
84
30
122
61
45
139
222
96
84
77
48
120
34
151
104
180
43
68
48
18
226
81
54
125
123
17
24
79
66
156
290
48
84
147
106
25
25
6
121
24
22
34
196
111
9
47
173
61
173
19
104
49
87
79
33
51
88
54
19
52
161
50
244
23
45
63
207
10
9
83
277
93
70
108
152
62
106
127
82
82
26
30
77
11
24
36
268
104
166
48
10
132
31
145
99
84
83
201
90
99
204
65
47
60
48
59
39
625
157
58
26
71
8
67
140
104
144
127
55
26
23
30
180
25
71
30
142
46
253
89
50
82
466
155
165
36
143
81
529
240
87
363
22
239
78
50
49
29
189
46
31
17
158
100
27
104
46
69
20
49
37
82
136
104
91
16
35
28
132
108
48
38
68
49
46
8
27
233
255
40
51
191
27
14
72
1
90
49
47
165
17
20
46
107
8
21
204
37
153
109
214
52
333
121
35
21
96
47
263
60
23
57
157
104
176
77
27
9
324
191
59
19
24
19
46
67
115
119
92
50
17
164
105
71
48
78
34
251
106
174
50
152
88
30
51
81
32
38
88
28
67
78
111
22
169
230
53
230
73
308
11
90
26
38
48
125
207
46
215
41
103
55
45
90
222
29
38
619
18
192
35
98
291
120
74
14
72
92
35
36
39
109
76
113
14
45
5
71
44
106
139
32
30
45
88
52
97
60
276
137
178
100
353
6
166
43
25
91
143
65
67
61
58
108
29
55
24
220
558
81
57
33
78
36
18
28
239
121
134
191
49
451
27
53
216
82
63
45
24
19
98
18
78
69
132
228
38
49
12
80
3
54
83
76
20
13
233
85
41
151
44
40
38
58
13
50
64
122
101
101
73
33
142
64
32
172
74
33
45
28
30
46
231
94
42
40
147
156
37
168
59
93
35
56
117
180
246
318
66
69
44
180
63
159
263
130
105
108
44
117
21
25
11
64
108
54
85
13
88
8
325
57
92
217
81
141
22
82
98
58
28
14
340
8
74
33
108
137
110
117
32
209
29
66
46
293
9
484
108
56
27
137
19
199
48
86
24
37
215
188
23
16
219
31
139
106
11
22
15
770
22
47
73
176
35
58
234
23
34
186
35
171
64
25
166
107
1704
95
43
13
81
11
33
57
206
442
44
61
90
192
22
130
137
57
45
37
190
77
50
233
67
13
20
23
312
265
14
45
7
96
28
58
46
37
162
51
98
70
66
62
11
110
151
146
141
32
85
54
25
61
135
32
51
717
86
551
48
156
73
206
147
20
121
35
15
76
263
209
40
94
116
136
90
65
211
80
86
17
25
101
10
56
73
108
21
53
52
63
32
53
65
72
156
38
8
90
6
17
19
36
101
138
28
111
17
72
38
31
39
138
63
142
14
87
95
88
19
160
77
12
76
17
11
299
91
128
100
39
16
42
37
77
88
29
41
32
460
133
191
399
145
68
29
246
83
69
29
72
130
134
60
131
26
174
168
50
44
346
15
87
32
110
234
190
182
40
32
2
179
42
98
60
28
21
108
48
105
71
152
17
101
10
101
150
151
521
36
27
48
176
179
276
82
74
72
16
38
94
27
13
58
40
22
53
129
32
266
4
58
39
487
13
81
152
11
111
185
63
148
121
116
87
151
175
3
24
47
46
143
108
38
30
163
251
43
64
8
122
45
42
23
91
130
157
57
15
91
38
190
395
22
94
119
79
127
12
118
29
35
13
125
65
174
94
60
10
33
106
5
49
16
87
99
73
5
92
76
116
176
545
44
839
107
214
35
37
184
139
232
28
103
48
168
86
62
12
145
80
13
24
84
82
21
169
46
36
215
65
239
26
60
105
96
68
24
102
83
16
33
62
40
48
63
127
92
10
17
24
24
28
21
378
5
92
98
15
166
63
99
26
359
73
107
57
24
42
74
809
50
63
65
16
57
91
965
16
59
81
29
16
53
92
138
167
36
51
93
101
23
44
92
251
56
191
47
116
261
32
33
119
33
80
30
138
74
131
87
94
818
100
61
16
37
159
17
123
59
57
126
20
8
35
282
105
23
67
59
246
119
33
16
46
21
47
124
129
62
28
284
14
46
28
40
174
51
152
21
20
105
54
41
40
52
7
95
19
4
12
191
83
179
236
170
39
167
325
120
84
72
187
106
11
46
79
82
47
65
75
112
100
128
31
253
23
57
43
108
416
39
56
92
84
25
182
3
46
34
32
30
80
14
32
18
44
74
172
148
80
72
92
87
100
36
69
372
67
162
50
93
32
22
27
58
73
52
599
156
123
94
145
146
18
16
265
110
162
108
45
224
337
129
38
39
95
89
311
51
171
183
47
24
60
73
13
380
22
58
38
24
147
233
26
86
72
128
65
402
55
59
45
128
34
215
154
29
171
134
50
29
64
34
30
8
104
17
144
72
179
32
335
107
113
233
161
39
40
127
126
51
92
73
87
64
26
64
194
71
119
93
39
45
82
145
20
34
46
153
57
74
145
118
122
51
29
247
113
59
111
55
13
126
22
106
209
29
78
57
107
21
204
48
39
126
94
32
137
20
60
48
179
16
143
186
42
12
11
112
138
28
67
46
183
8
161
137
145
264
19
188
42
61
112
140
150
234
19
37
27
316
102
85
119
24
19
19
90
21
157
158
107
258
28
39
41
68
85
52
13
188
48
99
160
375
21
138
292
49
31
33
60
131
44
134
147
150
71
85
24
51
44
38
16
84
166
90
97
74
35
18
167
25
40
314
19
171
282
150
113
67
97
28
28
85
137
52
444
35
100
9
39
36
55
8
51
226
150
279
31
90
63
195
29
58
94
48
50
78
54
137
45
50
102
79
17
30
189
80
159
41
39
119
40
129
58
97
60
41
90
184
45
90
71
71
90
161
96
41
317
136
72
85
78
127
39
83
130
46
21
9
37
95
169
174
20
45
116
104
114
75
115
34
141
1052
169
107
42
201
69
51
43
55
80
19
205
203
18
23
89
20
54
89
61
66
121
121
335
96
209
18
146
16
38
12
11
125
139
53
103
174
18
66
20
39
50
51
167
146
187
5
75
64
113
36
121
7
150
119
170
68
134
655
33
38
93
75
37
143
133
325
86
69
33
99
91
103
57
85
38
199
47
81
70
255
20
39
162
39
74
143
57
26
52
118
33
45
21
155
52
162
96
72
76
89
35
150
60
113
33
30
48
114
68
66
25
431
149
89
111
216
157
13
161
208
15
180
23
133
56
82
98
29
47
33
157
214
115
237
154
179
141
9
8
64
65
22
45
13
87
108
151
20
40
81
251
169
23
27
296
131
256
10
23
115
60
14
116
148
11
109
12
660
88
60
96
139
140
168
43
86
53
34
100
88
133
27
64
188
77
10
74
61
101
11
97
98
47
139
23
175
44
464
38
84
42
297
62
153
48
32
81
93
66
18
107
59
31
29
28
39
121
75
54
44
43
47
49
181
178
28
13
19
83
45
75
79
188
94
26
87
67
90
7
212
23
82
26
103
83
207
48
113
125
75
21
46
170
73
24
115
19
44
102
24
58
144
194
24
213
19
67
59
249
31
36
101
97
120
102
210
53
176
143
29
27
30
125
88
109
76
18
123
34
36
45
144
75
65
114
61
44
101
729
13
7
461
18
11
76
34
69
62
34
90
156
54
53
114
100
34
114
69
47
160
36
146
20
209
90
232
47
36
164
19
58
80
47
141
105
106
114
43
31
165
55
442
63
13
66
43
170
168
199
56
60
65
230
19
160
230
76
11
29
48
37
77
27
120
109
113
62
51
100
48
63
68
125
30
46
51
27
193
17
33
90
95
107
67
48
13
25
30
147
27
15
74
72
116
37
33
21
62
27
25
2
43
1
32
80
49
111
39
159
62
91
33
115
23
532
45
70
33
45
125
253
34
180
45
13
72
169
37
36
177
54
323
67
36
5
75
22
90
111
124
1022
294
15
117
27
120
104
196
43
144
4
45
182
61
134
28
77
63
71
146
62
32
163
122
45
78
364
98
20
13
72
22
40
12
74
33
30
103
50
47
106
149
25
243
70
125
132
146
84
14
107
165
67
72
45
26
30
65
159
58
19
128
74
53
124
98
48
191
23
186
116
153
100
24
76
71
44
96
111
28
54
53
54
129
21
49
101
59
8
215
87
54
65
33
49
234
32
92
37
187
80
19
116
22
22
40
115
69
116
97
29
88
60
134
34
7
419
10
32
155
27
58
86
25
87
69
143
28
158
173
30
27
72
144
186
70
7
75
36
20
113
110
74
150
109
65
57
192
237
130
50
292
101
72
115
83
15
28
174
50
123
28
37
164
208
78
83
20
14
132
78
99
191
218
89
76
12
66
56
107
182
49
60
19
975
22
141
84
107
23
84
196
1436
71
88
34
102
149
59
45
206
39
53
7
492
141
124
41
95
62
1501
20
9
31
54
35
44
128
53
126
107
43
80
265
70
5
101
66
154
36
87
66
87
61
27
149
9
110
32
91
14
32
107
171
56
67
114
86
111
15
205
61
80
46
124
49
61
34
19
161
107
19
44
100
195
47
35
43
178
45
74
56
82
57
13
97
83
10
36
125
94
95
58
53
72
29
218
152
54
29
69
38
72
55
142
95
20
25
14
29
209
11
18
105
125
50
35
35
36
20
17
77
22
27
61
51
182
113
34
113
105
64
187
81
24
312
136
188
36
37
14
17
16
26
91
28
82
188
14
28
30
232
74
21
172
26
81
216
127
78
11
19
18
67
234
42
114
147
42
87
32
53
173
25
69
249
33
28
111
47
63
62
92
26
30
102
29
111
839
150
217
48
62
45
63
174
23
119
57
58
25
25
35
666
81
8
69
133
59
81
51
17
160
198
146
137
115
55
49
11
21
13
138
205
598
63
155
103
35
36
94
13
38
224
137
18
84
121
172
10
211
170
191
45
58
149
104
7
74
89
41
27
51
87
724
88
62
278
17
172
84
58
55
33
38
62
46
162
98
296
253
39
88
20
37
53
50
89
48
60
45
33
45
19
48
128
58
44
154
14
8
27
85
78
302
182
263
146
124
25
62
145
30
206
63
7
98
95
192
42
98
50
31
13
116
16
468
137
160
14
22
107
106
106
66
106
49
136
71
102
46
45
86
225
27
125
134
89
104
164
109
47
215
29
160
24
383
190
117
131
70
172
125
17
85
37
21
144
126
134
67
195
6
119
180
200
21
107
34
26
55
99
66
118
8
63
105
163
92
33
106
302
776
52
25
31
20
32
53
38
204
24
150
39
37
105
129
157
8
11
79
235
33
146
84
143
48
10
122
23
28
88
34
21
23
113
26
86
23
67
125
66
59
125
120
92
17
113
398
133
185
69
129
128
189
61
137
62
227
47
45
38
142
59
73
37
16
31
30
161
34
115
120
95
745
25
51
77
8
30
67
84
120
93
85
640
308
112
130
140
13
112
35
92
295
148
44
71
41
144
31
21
11
127
224
52
151
96
99
40
47
67
37
113
49
79
80
12
42
27
134
17
78
58
41
139
21
49
15
62
36
58
145
128
44
33
36
36
36
82
107
140
28
69
31
14
20
150
158
64
39
87
74
55
36
51
14
39
90
45
35
74
254
46
78
40
166
39
77
38
25
54
16
79
162
26
22
191
166
5
33
140
67
170
100
3
209
143
102
20
24
101
15
67
16
43
2
159
121
301
86
4
132
31
501
13
68
122
119
29
193
70
146
457
311
90
308
54
36
45
16
30
32
32
60
30
221
115
54
123
18
136
16
190
18
75
350
130
62
107
93
69
129
33
31
66
69
142
43
31
152
4
58
39
19
23
13
1588
45
33
69
20
213
40
42
77
38
18
49
167
43
43
85
53
10
165
30
368
45
44
121
48
223
38
186
44
175
98
165
91
202
57
63
41
32
364
135
7
32
231
53
22
77
46
66
8
38
377
10
130
139
65
69
71
64
174
134
157
43
97
23
45
171
191
286
140
6
102
151
139
43
24
27
75
55
54
164
113
223
34
98
16
63
93
90
35
135
67
248
41
116
92
6
178
89
39
11
137
1102
321
108
181
99
41
77
18
145
167
91
46
49
133
115
17
90
51
20
61
336
58
103
66
186
28
50
59
68
169
57
139
127
162
162
127
177
130
101
15
168
223
40
15
223
48
47
16
91
9
106
36
58
128
54
246
27
73
54
171
112
58
52
126
52
188
147
38
21
23
97
81
8
31
67
19
211
72
837
134
29
12
33
120
69
133
77
160
74
50
73
75
54
16
31
35
9
53
199
44
84
25
61
262
72
118
356
49
123
75
43
63
205
50
226
37
150
162
40
130
13
136
15
116
25
100
67
63
357
28
136
114
75
44
13
226
24
90
126
25
196
96
24
33
131
53
91
290
17
95
51
106
107
22
54
319
118
83
32
37
55
78
36
31
32
9
20
144
102
54
146
55
145
74
58
33
175
27
206
80
56
232
77
121
69
99
65
74
47
258
21
69
213
81
50
391
71
90
50
14
142
362
40
50
187
95
80
61
37
57
51
74
165
304
221
156
287
41
31
116
58
84
115
371
37
31
99
92
117
82
85
170
52
128
24
27
228
32
44
69
28
86
89
189
4
7
81
12
284
171
11
18
84
126
117
55
40
37
157
27
60
51
101
117
23
182
86
40
38
61
101
192
184
79
60
334
37
41
212
111
20
105
7
126
27
53
142
25
30
65
25
43
47
227
108
70
59
9
33
619
11
104
67
123
44
192
100
48
20
46
17
19
42
84
217
64
27
332
30
66
44
53
154
81
201
183
46
77
27
89
353
89
35
106
8
388
42
16
28
59
14
66
23
53
37
580
14
141
220
182
21
121
80
34
80
65
354
15
149
28
82
40
21
100
70
52
30
50
60
69
644
15
210
42
17
68
145
31
52
53
61
390
31
56
56
86
50
32
31
75
128
182
37
58
257
13
132
275
293
600
92
67
52
145
15
10
59
130
146
117
17
52
194
109
431
760
334
397
206
816
55
53
166
69
169
39
172
166
74
46
100
9
164
13
115
182
181
64
261
55
256
93
96
11
186
101
29
39
54
119
45
34
23
33
89
45
13
80
56
78
61
537
23
105
49
18
132
72
25
16
41
29
39
81
79
45
174
185
115
64
68
149
56
106
115
28
173
83
48
209
177
22
68
138
18
13
29
86
197
33
2
146
37
52
36
85
28
38
154
13
55
70
10
10
42
33
168
116
13
71
87
44
51
56
75
139
65
23
40
18
20
52
70
116
125
77
57
25
349
147
53
117
92
54
69
61
39
130
240
217
13
76
59
26
10
115
100
19
12
37
50
51
45
36
129
52
86
44
41
58
39
73
72
27
125
143
56
124
41
120
43
453
26
302
31
282
19
16
162
73
147
122
92
95
241
66
133
33
38
31
111
134
67
916
326
53
94
23
116
73
37
59
27
70
187
148
115
88
48
57
270
95
23
22
164
19
51
14
38
14
28
175
86
45
149
45
32
82
28
128
92
72
66
34
23
159
184
56
8
47
225
25
126
206
70
15
26
148
162
48
244
168
19
145
302
71
514
1132
22
123
25
79
246
21
37
260
170
186
23
18
28
170
52
31
132
6
16
11
13
81
58
215
15
172
29
19
35
26
87
39
35
18
8
54
86
104
51
53
39
21
152
76
48
38
33
121
19
94
3
6
268
39
118
61
16
1051
79
15
51
96
75
22
57
107
38
148
123
99
78
78
30
164
28
116
161
93
63
236
40
101
156
218
185
118
5
85
144
41
163
95
89
167
100
89
78
27
54
36
250
186
279
85
55
109
215
25
12
171
82
56
77
151
185
85
1410
39
64
57
143
100
111
24
52
40
14
23
198
107
123
16
127
116
298
34
102
32
140
20
43
296
56
88
7
143
68
62
69
14
169
241
133
110
197
118
157
140
41
76
140
10
25
42
65
442
1752
41
46
46
57
41
34
286
143
151
75
113
109
64
94
131
29
31
289
24
34
16
241
186
80
122
50
64
146
99
200
77
94
129
65
140
40
105
100
86
61
46
24
268
102
32
91
24
124
65
115
134
326
26
267
76
213
110
250
76
265
58
38
103
195
76
31
96
144
79
50
103
22
99
62
165
82
101
18
204
74
52
77
158
71
104
60
129
93
46
87
131
131
128
74
141
33
131
93
48
100
48
55
45
49
107
128
31
126
160
37
87
22
92
54
230
26
80
116
74
26
16
24
52
204
137
93
26
86
115
94
3
126
125
70
89
80
73
209
69
359
248
123
47
12
66
74
62
66
63
235
226
40
82
96
77
290
74
134
104
66
31
163
7
132
106
604
17
204
125
28
86
126
17
20
167
98
50
49
14
175
35
14
89
253
55
55
65
163
162
101
49
45
185
48
292
68
201
250
148
54
124
25
80
12
280
244
22
16
40
19
71
25
17
25
27
136
75
17
137
70
48
48
63
21
35
70
113
132
248
746
28
273
56
36
73
26
43
34
75
190
126
18
76
25
46
23
45
122
98
98
42
86
92
110
166
59
181
22
18
96
49
92
144
70
87
56
72
83
44
113
13
303
201
170
141
14
82
59
33
207
17
15
34
164
9
106
158
15
38
169
22
56
127
8
45
251
38
131
21
60
56
32
140
30
324
44
55
60
40
21
161
14
51
74
39
35
141
13
101
30
63
72
11
29
37
83
27
75
33
153
60
25
112
63
96
132
180
85
17
84
16
141
62
112
28
185
39
129
17
61
33
137
46
97
26
123
65
158
6
217
47
125
65
85
36
9
18
104
290
101
74
56
59
19
76
19
53
106
86
192
21
31
148
160
32
161
40
41
62
21
189
46
132
33
47
369
91
47
41
103
88
21
166
27
119
137
39
17
64
101
28
104
124
159
107
889
275
21
119
176
24
32
98
216
13
120
254
25
46
113
20
146
69
59
77
28
78
27
84
17
121
272
59
134
154
29
120
27
210
11
8
9
221
45
34
149
129
25
204
17
87
153
169
198
40
199
80
52
75
63
168
117
224
192
64
75
18
66
35
13
198
74
33
88
42
47
157
57
74
92
22
44
74
13
102
37
2
72
261
35
257
41
145
55
28
73
55
56
29
206
29
29
2
88
10
16
94
146
68
30
21
15
48
144
165
52
143
99
62
89
71
130
52
99
29
74
224
19
35
17
42
222
79
81
73
79
82
54
26
55
89
36
94
102
84
129
24
237
69
178
199
6
149
336
74
10
80
55
62
57
28
137
31
16
107
20
274
218
93
172
90
41
44
35
55
89
32
107
126
33
112
178
61
19
35
196
167
815
61
34
382
12
209
47
76
53
7
16
74
118
25
69
158
40
185
161
24
22
173
197
89
171
54
70
45
106
29
209
30
44
67
84
214
145
110
58
56
42
87
189
113
13
155
48
183
73
48
35
23
16
131
126
12
62
130
29
110
86
45
98
13
207
34
21
225
114
45
189
54
134
64
141
45
16
30
132
30
162
170
56
140
68
271
110
142
12
26
204
46
98
81
41
88
57
33
10
88
80
39
17
180
120
18
18
60
96
80
69
53
23
216
85
136
117
31
41
119
29
16
66
73
53
72
22
57
21
106
153
39
26
158
152
49
92
67
51
25
32
31
67
187
157
52
35
194
21
138
41
264
163
126
174
57
152
10
150
94
690
84
73
113
42
106
54
36
17
35
109
76
260
57
60
40
99
89
151
71
38
11
130
53
40
21
677
11
26
37
81
94
61
59
142
1239
231
88
24
35
93
1466
18
12
100
61
12
45
26
63
116
75
155
356
33
303
20
34
171
21
27
34
82
19
263
47
8
169
51
132
117
50
29
45
122
35
34
91
214
67
63
99
34
175
72
66
53
257
86
69
101
118
6
22
91
39
140
48
80
11
98
15
12
34
125
14
70
60
109
840
34
218
47
57
26
100
17
63
190
147
67
72
39
48
86
113
136
97
89
155
174
109
34
73
131
192
62
111
37
114
35
29
40
22
35
8
21
104
21
18
112
125
34
40
132
9
67
40
126
86
46
104
32
30
81
136
77
35
79
40
85
168
39
162
71
79
101
27
5
20
165
63
85
157
46
77
32
177
39
35
54
133
60
101
151
110
33
1423
164
872
343
65
202
83
45
116
113
33
116
116
162
36
28
65
17
16
91
79
177
32
89
93
149
69
68
138
73
7
127
37
42
21
29
144
616
65
47
75
188
8
54
187
42
142
144
111
48
80
10
200
723
47
102
172
40
18
72
19
26
55
31
84
72
94
128
44
18
83
54
326
95
248
114
56
87
30
178
96
44
83
243
92
147
18
21
25
143
73
187
10
92
119
50
21
144
98
75
55
51
112
45
923
170
50
67
17
66
16
28
167
26
235
189
29
222
33
99
80
100
89
27
48
269
148
148
61
96
126
65
189
96
120
85
204
67
330
69
41
28
126
167
44
143
28
69
35
90
263
97
65
20
4
98
64
37
83
10
13
46
81
134
90
129
72
36
107
20
79
31
368
24
48
100
23
34
66
112
164
82
34
12
57
35
49
31
78
93
70
89
94
59
138
139
151
81
78
71
66
225
202
84
137
42
48
179
50
72
72
4
19
14
149
53
204
62
43
96
96
62
154
128
32
21
39
28
34
45
193
52
16
118
169
5
42
75
139
64
138
43
100
67
8
118
58
203
45
59
24
70
64
35
45
33
11
32
139
11
117
34
49
95
33
240
113
35
201
55
34
51
61
111
29
59
61
43
31
73
136
34
110
206
151
80
127
71
201
24
107
10
21
83
330
216
188
120
90
414
174
119
54
37
146
194
102
88
34
49
118
214
130
27
138
19
44
17
407
138
6
92
37
93
161
27
261
35
250
13
80
160
147
22
202
118
128
240
119
275
72
98
71
233
67
25
42
33
118
112
17
31
60
105
152
67
39
425
35
103
189
25
25
27
82
112
73
117
185
47
19
56
41
22
84
164
116
21
42
64
24
190
87
46
29
14
43
146
20
148
89
18
227
10
118
56
95
37
85
85
21
80
146
111
199
284
115
19
89
103
13
73
97
186
1040
23
208
74
93
162
86
21
57
172
187
130
88
118
23
36
49
89
51
284
24
211
86
10
30
55
73
141
171
45
76
52
86
41
90
69
38
797
127
89
77
70
116
138
62
17
48
198
177
15
35
201
51
155
31
75
140
78
313
83
26
56
31
138
134
55
64
142
139
155
38
289
112
34
90
111
78
87
307
49
63
303
20
126
362
13
221
96
180
47
50
11
100
19
196
82
51
196
123
10
23
28
76
54
244
110
35
10
393
90
80
28
117
21
9
126
107
71
229
300
42
19
48
126
33
63
33
916
26
13
27
2748
122
125
66
125
38
77
90
99
162
199
18
122
78
35
13
17
49
381
28
124
38
51
149
21
102
286
104
12
23
115
13
72
23
120
97
104
65
41
137
136
65
64
46
59
86
23
78
396
160
46
60
62
44
142
22
171
365
91
28
50
30
270
148
60
114
37
36
114
208
10
246
114
112
37
71
162
61
64
63
27
59
243
110
88
44
38
26
119
65
911
133
195
85
338
95
237
29
37
68
24
56
163
35
33
44
23
381
29
30
12
43
92
71
82
133
131
609
231
34
74
13
84
224
23
136
78
21
139
40
116
4
34
47
184
29
58
72
50
5
174
56
22
10
21
104
213
73
129
71
46
110
94
115
63
146
103
169
105
55
134
189
223
268
30
47
71
526
20
543
124
5
12
25
120
84
135
650
60
57
117
38
106
31
108
152
42
23
121
168
332
96
79
75
45
26
118
284
90
179
30
7
34
36
19
150
142
10
36
937
111
76
40
24
50
17
21
98
138
57
49
188
82
73
48
21
39
114
70
82
95
117
53
62
175
40
62
169
60
44
135
4
21
58
262
92
645
122
68
16
146
27
97
27
35
73
105
26
45
46
252
43
7
59
13
98
42
126
160
66
26
21
64
134
44
71
108
97
21
90
25
12
15
219
31
841
55
6
115
85
39
81
241
237
68
21
312
112
35
62
20
20
88
43
61
146
47
390
35
151
88
181
93
53
106
39
21
73
164
176
599
62
86
138
44
2
21
163
12
56
189
24
31
16
77
93
156
18
83
93
87
21
77
129
37
445
105
15
44
97
37
26
198
93
136
68
55
68
79
91
120
76
120
124
115
108
31
148
56
138
142
50
3
22
308
103
75
50
159
118
221
44
56
36
49
186
147
95
196
80
78
15
81
195
48
39
562
200
154
62
26
111
177
102
115
233
10
181
67
57
19
48
233
167
99
257
60
25
161
286
63
80
47
34
95
81
18
77
98
98
125
135
34
7
135
88
20
73
134
185
56
246
143
54
109
106
9
175
21
291
142
32
435
106
172
214
68
27
20
179
24
189
148
32
47
69
38
120
39
34
935
75
119
33
11
16
11
70
36
12
89
80
34
185
83
76
43
201
173
43
242
51
94
69
23
128
78
99
53
71
7
82
72
456
150
56
201
66
30
135
9
334
71
92
34
147
53
28
108
255
62
18
88
28
66
30
8
41
17
141
484
125
13
69
37
36
15
38
91
23
203
38
150
131
178
137
55
46
59
101
48
24
20
19
63
17
179
75
80
54
74
32
180
12
218
129
78
14
77
94
501
184
99
39
46
95
86
76
10
67
107
13
46
85
69
20
8
42
225
54
66
102
200
213
78
53
121
29
12
136
34
15
150
155
86
102
75
172
98
140
94
42
19
29
56
50
134
197
139
189
33
358
78
30
42
98
27
23
59
22
159
38
103
29
66
49
42
68
145
53
111
33
78
36
32
88
156
76
165
49
33
25
532
68
25
225
243
52
1508
212
6
210
27
121
28
73
55
39
113
35
65
41
100
17
47
86
43
112
22
23
25
47
40
14
129
64
121
21
41
56
66
96
151
116
47
153
81
235
104
45
58
194
74
72
181
13
17
37
46
24
68
127
267
91
12
41
50
58
150
86
95
274
145
404
76
18
38
32
123
8
194
89
41
69
14
6
57
192
182
35
79
136
74
37
55
113
57
21
143
324
51
124
48
113
78
105
95
105
53
30
61
5
53
174
39
212
41
220
18
20
25
27
120
193
38
34
37
61
17
118
115
141
118
201
45
187
11
139
98
29
37
27
586
28
11
36
38
86
202
109
46
8
273
105
166
160
113
11
141
54
31
18
398
24
129
138
138
7
33
60
83
139
75
57
23
26
162
81
23
199
254
107
156
84
91
7
88
38
50
82
74
55
86
26
147
8
135
51
66
151
341
128
90
223
698
126
68
73
42
23
67
55
214
9
89
35
84
170
93
78
38
20
79
99
80
167
23
25
171
104
69
30
27
63
65
191
37
218
115
271
47
132
133
167
43
45
94
45
42
23
81
103
55
71
38
34
40
66
65
147
189
51
156
5
44
42
65
5
93
6
52
16
42
60
105
33
674
58
166
25
35
18
62
106
21
16
121
49
39
7
85
15
434
216
74
48
147
36
30
55
6
25
27
17
96
126
126
365
89
12
13
41
108
90
115
43
43
50
30
166
26
392
81
110
23
27
33
18
20
133
169
38
268
38
143
48
193
29
111
36
96
118
47
87
304
59
18
12
20
59
224
8
700
163
81
20
110
70
45
162
99
110
64
266
28
85
54
354
62
70
40
5
24
77
377
334
1078
37
54
79
57
141
216
11
32
37
58
18
25
33
38
65
52
78
123
71
17
671
58
74
43
238
63
76
25
43
49
49
106
66
27
71
39
53
213
16
41
16
213
24
81
286
65
178
56
55
26
108
45
202
57
122
57
145
171
60
103
70
12
38
98
62
65
19
224
34
152
45
46
30
32
151
47
98
11
90
117
140
11
50
79
45
61
13
113
131
30
74
150
52
211
354
17
82
61
98
26
87
32
59
84
235
38
17
59
93
26
26
102
220
389
434
113
27
111
86
20
125
17
59
130
105
79
27
47
28
87
154
160
89
8
44
35
24
176
30
218
8
156
68
95
155
25
40
53
72
8
50
134
17
77
183
33
71
64
69
77
29
29
88
40
187
70
98
18
38
10
70
63
124
152
150
190
94
152
71
55
177
43
39
64
104
38
89
38
116
75
173
101
44
84
32
164
83
22
72
110
72
70
52
18
37
231
14
272
194
54
107
41
197
99
59
72
92
6
27
118
40
11
138
301
16
68
13
176
75
71
94
35
117
212
25
38
32
22
288
13
21
54
107
98
95
152
46
34
95
23
47
48
13
24
47
32
20
61
25
133
66
42
163
194
14
87
61
257
17
17
132
21
50
146
19
31
77
112
62
27
150
49
109
9
36
161
72
126
194
50
158
45
43
115
48
46
70
130
36
18
156
28
248
49
90
321
98
11
67
61
73
225
140
62
23
87
53
96
103
24
71
78
69
236
64
49
22
97
14
55
19
51
227
182
154
84
42
158
71
71
117
139
28
72
196
90
61
89
27
91
66
19
49
162
129
118
12
112
147
112
35
28
115
16
25
92
47
46
54
24
22
95
8
36
16
88
65
218
89
129
11
51
78
119
31
128
27
38
226
30
54
266
49
41
82
40
23
66
105
33
71
68
60
27
71
17
7
54
181
94
74
141
135
25
28
87
95
156
22
258
17
94
226
177
199
147
160
125
209
147
35
34
80
250
31
69
79
22
167
66
88
129
152
161
42
55
101
134
113
57
106
120
59
15
58
114
31
54
398
827
138
57
226
32
35
106
219
41
27
50
187
62
62
184
51
15
43
44
45
69
45
43
31
98
9
103
182
194
46
186
156
66
15
98
37
46
36
145
22
39
186
20
23
48
32
29
110
153
67
108
40
194
54
48
153
173
397
22
12
59
101
59
63
54
13
29
44
99
343
191
133
101
219
108
27
272
122
32
224
52
271
75
106
165
175
24
59
47
49
187
96
204
86
53
29
33
101
122
20
11
106
28
88
92
63
88
75
121
45
41
44
30
63
126
60
103
75
13
36
45
78
20
75
169
43
146
16
100
149
35
18
17
59
131
36
72
56
57
19
44
25
95
31
37
268
46
141
341
33
86
56
48
147
121
72
37
23
113
21
139
98
82
172
41
183
92
18
46
13
27
211
196
73
52
125
85
46
14
187
6
103
185
18
49
95
45
170
13
69
126
150
125
45
34
280
133
11
87
160
12
76
119
61
28
26
102
216
58
45
46
163
26
120
16
119
223
40
42
26
35
65
92
23
49
56
68
60
54
17
72
25
88
162
179
56
39
4
71
135
86
58
69
30
52
29
111
17
66
32
13
487
106
90
26
77
98
75
26
49
172
35
569
66
142
59
93
12
47
89
89
28
63
2
49
104
52
16
122
51
182
99
58
83
262
160
131
141
100
235
237
39
58
54
289
9
36
37
56
95
38
139
100
35
30
204
15
146
175
173
35
37
40
149
3
93
74
246
72
60
570
42
121
55
117
39
95
215
6
23
20
67
172
51
103
180
22
50
149
21
96
47
136
173
114
47
21
133
35
59
231
25
159
84
20
201
58
273
33
15
250
57
378
59
43
119
26
11
61
136
162
100
49
39
126
82
80
62
191
35
76
38
100
38
34
35
70
88
105
83
205
104
51
115
86
122
88
118
145
45
84
149
61
260
165
38
131
77
44
146
37
213
135
241
52
331
171
154
33
27
11
70
236
51
79
37
269
90
169
171
19
40
22
140
269
132
39
52
119
173
69
30
155
113
62
119
21
27
60
109
29
126
33
60
7
21
66
44
47
13
60
193
87
63
67
20
8
64
285
77
182
159
43
163
76
24
95
57
76
248
50
139
68
47
79
29
35
96
67
145
17
32
35
208
75
206
76
77
66
9
31
164
36
127
75
496
220
130
74
39
40
29
97
76
228
30
49
20
123
54
50
96
127
77
185
97
74
7
27
38
413
18
71
54
34
57
79
65
117
24
133
52
112
139
50
12
100
112
212
115
43
9
157
50
125
58
31
20
28
78
77
74
262
85
107
126
84
25
54
34
198
210
31
12
54
48
80
317
283
50
8
25
245
387
227
17
32
84
158
32
35
30
273
68
168
68
38
34
127
224
26
45
132
217
25
62
22
113
36
123
52
12
70
83
29
209
56
59
144
46
334
68
24
22
95
14
25
58
141
96
118
47
284
69
50
107
106
28
57
84
84
71
24
45
69
50
11
53
64
72
154
59
127
48
40
120
214
79
29
193
36
116
174
54
75
45
56
160
40
57
87
333
32
162
156
226
195
140
43
37
14
27
91
33
48
122
73
196
131
35
113
82
21
30
42
54
143
91
155
173
135
89
16
115
152
61
79
92
50
28
182
106
40
18
28
32
142
29
19
245
83
62
72
154
98
113
33
124
92
64
82
29
24
227
115
79
133
43
59
164
54
75
121
92
79
56
88
37
14
27
60
120
171
114
108
52
24
44
140
22
66
247
153
18
195
37
36
79
51
54
23
159
35
30
172
35
45
138
84
111
73
103
135
30
14
43
43
151
49
43
68
101
3
116
17
93
29
64
64
33
62
78
148
39
90
99
49
243
199
105
22
23
130
102
125
92
123
70
164
105
180
182
67
28
262
114
50
225
101
27
522
43
26
56
251
112
16
103
154
40
15
159
230
84
37
65
21
164
397
34
46
38
25
32
49
80
64
115
58
22
321
30
31
192
147
39
17
63
34
278
125
9
42
164
172
73
49
37
118
154
224
18
58
227
17
59
6
38
45
134
222
17
60
58
36
206
133
22
6
55
8
38
244
14
13
64
78
24
50
68
271
34
90
61
149
78
38
19
76
28
10
223
88
138
155
47
186
537
77
171
91
83
68
64
86
52
43
43
161
151
21
124
24
32
128
50
152
136
161
87
129
153
12
256
106
12
64
53
110
89
33
24
39
72
78
27
71
109
170
18
57
5
20
8
197
271
149
144
33
41
91
481
434
87
21
270
99
72
74
121
34
177
136
21
54
113
287
57
96
103
90
97
88
166
23
74
51
268
158
125
34
36
50
59
82
68
215
93
71
27
148
62
94
162
55
150
235
169
55
27
251
339
119
30
112
25
116
27
53
20
79
209
170
20
81
93
20
70
170
42
157
41
34
203
88
68
13
223
51
72
119
40
116
52
83
54
110
107
32
63
213
46
109
75
28
40
59
34
43
217
10
102
19
109
42
62
52
66
31
74
6
213
34
26
593
112
34
27
199
447
43
22
66
38
386
36
97
160
186
10
15
23
40
154
176
93
12
87
60
158
32
18
28
28
149
14
60
29
114
95
21
69
31
72
236
240
36
62
37
61
37
107
241
31
57
33
62
88
16
170
19
89
99
52
38
71
88
107
176
67
130
37
92
6
335
53
36
719
27
216
63
79
102
210
10
69
14
46
66
79
28
12
66
72
142
59
118
99
30
149
115
88
369
143
37
126
150
78
31
34
101
80
177
104
121
31
65
160
130
55
122
24
8
47
108
187
17
82
292
90
150
6
104
27
253
80
44
67
258
138
19
28
98
16
18
150
65
170
44
184
114
40
51
43
41
325
147
14
66
16
34
71
162
72
32
50
40
58
124
72
130
184
123
87
30
90
132
60
56
40
50
221
130
53
24
39
98
138
51
65
127
117
228
74
35
22
18
66
13
26
46
18
76
45
282
57
146
33
103
118
22
178
91
158
175
77
707
83
103
152
10
167
64
122
316
77
105
2
16
185
178
61
206
120
40
271
64
46
127
40
66
27
160
67
108
145
73
221
60
13
35
5
81
44
37
57
99
35
143
19
29
98
100
47
45
18
128
31
49
8
7
105
531
24
160
284
121
116
34
79
129
48
72
339
201
23
264
44
78
121
103
146
32
345
257
100
48
73
95
107
126
112
198
53
88
58
203
191
127
23
17
43
207
36
68
170
139
54
67
26
341
180
172
45
48
90
9
116
92
41
67
35
137
39
34
52
63
47
63
52
144
163
6
197
188
74
22
7
86
66
47
50
196
341
119
30
114
32
123
120
279
30
16
28
55
7
58
208
117
203
181
44
250
224
18
21
176
114
147
11
55
178
41
197
55
17
39
93
30
58
27
140
114
43
10
25
36
123
42
817
127
73
37
196
137
24
75
55
65
38
19
199
101
135
141
66
123
283
93
87
306
67
163
108
63
113
44
91
56
162
57
173
115
10
38
72
16
83
49
28
85
213
56
52
91
93
138
216
369
96
3
104
101
502
134
48
31
288
31
97
207
43
147
81
31
114
110
21
152
36
6
110
17
63
34
14
253
208
70
128
177
67
50
97
50
34
8
31
116
724
204
49
228
261
190
270
65
78
58
36
23
119
29
105
18
3
81
109
22
45
123
47
69
13
120
106
101
49
22
50
34
85
81
49
151
72
9
10
101
37
154
140
38
63
161
36
86
206
23
30
36
27
14
119
71
73
71
16
71
152
131
132
14
43
145
246
191
21
78
63
75
113
62
138
102
98
40
176
118
9
52
13
103
92
103
19
24
122
142
37
65
31
45
178
89
108
62
20
75
34
97
138
111
132
9
27
57
141
82
30
120
19
56
6
34
91
9
288
71
34
93
66
91
97
78
158
84
39
62
156
68
121
271
102
178
63
291
16
45
49
221
51
29
126
84
148
4
30
194
145
50
12
84
41
34
129
126
130
35
25
41
13
61
80
39
65
35
120
25
90
43
197
33
7
18
173
64
55
150
124
184
85
127
65
240
209
70
44
274
15
102
47
214
9
84
12
121
34
18
43
106
119
80
285
6
71
36
58
148
51
65
26
120
61
113
145
152
17
44
12
130
110
50
39
5
154
13
195
50
35
94
153
71
153
13
56
20
36
210
29
143
135
94
106
36
23
50
114
24
90
101
172
47
107
138
75
68
74
45
169
116
58
108
180
108
13
62
82
31
149
56
44
199
56
139
107
8
63
52
92
90
133
85
24
85
29
49
143
66
81
130
168
36
66
87
44
75
217
261
226
154
49
69
163
119
48
249
23
148
618
87
154
385
35
38
41
21
64
8
125
34
24
122
18
80
88
50
43
198
80
50
52
281
39
106
87
44
142
26
91
82
13
67
12
164
72
29
56
4
230
57
152
26
35
20
84
13
30
47
93
39
131
156
98
75
14
299
27
94
107
10
75
7
40
59
160
145
50
44
34
64
216
26
91
37
91
142
48
62
582
40
11
18
133
8
132
115
172
32
32
186
867
37
37
12
14
203
41
77
94
41
200
93
165
64
32
49
75
38
65
221
95
90
8
187
67
85
26
144
15
5
170
18
20
23
158
29
28
28
179
483
138
281
107
35
9
65
28
70
26
465
211
80
103
35
33
19
16
237
92
31
39
106
25
82
107
66
156
26
47
97
36
91
39
186
47
120
115
46
28
83
83
57
151
33
7
24
111
5
107
212
74
76
26
26
268
55
27
136
32
72
374
36
118
49
17
58
534
45
172
58
72
17
48
52
226
67
18
340
106
44
146
55
54
157
92
58
43
62
16
102
59
101
77
194
153
29
34
99
103
29
47
7
18
73
38
21
93
87
34
91
91
133
153
9
44
216
188
114
90
218
30
212
144
27
29
129
81
119
50
73
232
123
23
665
92
131
54
121
29
19
66
45
123
43
62
129
242
106
21
71
149
77
61
163
173
47
241
64
41
133
197
56
45
28
282
37
5
69
229
5
174
188
765
64
87
94
96
121
38
64
237
27
74
19
35
20
36
165
69
65
88
90
26
363
11
93
99
56
112
164
12
189
28
136
72
23
38
441
76
21
401
64
16
143
461
49
201
98
14
124
39
276
143
137
184
70
129
175
151
40
19
309
42
88
137
24
50
74
49
21
17
51
195
40
94
147
115
116
69
231
66
54
37
42
110
64
12
12
26
119
29
112
58
62
46
21
310
51
29
39
90
226
79
64
44
34
152
9
125
101
40
46
163
55
10
196
168
15
45
69
94
65
115
101
14
45
23
406
40
53
100
97
8
110
23
83
393
34
114
153
156
46
29
29
23
82
7
105
39
185
33
43
63
14
123
123
35
39
68
34
62
630
119
538
10
94
28
142
11
145
122
115
198
135
65
40
197
36
30
30
77
43
38
57
128
77
38
18
16
44
112
72
107
47
26
68
58
196
108
54
171
218
27
27
37
162
141
40
187
117
13
76
23
85
17
141
40
34
76
31
4
102
115
95
48
92
91
122
39
70
23
29
170
17
49
150
114
52
30
169
46
91
58
50
15
43
49
254
88
45
52
108
149
183
116
180
142
47
34
131
7
159
51
80
40
123
37
199
108
127
59
18
89
162
8
126
73
58
23
124
103
41
139
117
19
86
25
39
149
34
177
22
41
57
117
199
106
73
183
59
166
109
156
268
13
21
837
86
120
29
27
91
115
47
35
127
83
191
78
21
30
82
91
23
1131
31
124
207
8
85
52
129
57
32
36
113
46
109
25
147
64
49
99
35
186
10
31
65
121
153
142
160
36
11
55
73
150
237
20
80
85
40
95
101
124
43
16
17
20
113
93
43
113
123
26
35
92
44
7
95
237
105
74
31
83
175
158
44
132
18
22
91
13
17
48
30
130
84
82
42
8
32
71
16
85
622
21
4
91
20
181
42
52
44
166
48
27
115
35
118
122
121
41
68
41
34
81
66
49
38
59
76
28
30
88
66
117
87
148
59
119
16
41
38
102
101
100
107
48
48
187
88
23
20
20
41
90
170
155
55
89
26
346
73
104
39
209
29
245
42
128
20
339
152
16
70
95
529
26
59
25
65
36
40
178
112
68
62
179
19
89
81
69
157
120
104
280
41
69
128
22
36
136
40
56
121
84
16
122
59
25
98
83
70
110
197
19
17
151
23
64
27
12
33
68
186
90
166
460
66
125
31
46
91
327
183
80
74
163
127
74
148
38
255
136
1148
51
84
51
184
19
57
156
14
282
103
106
65
306
94
139
33
61
12
46
24
39
23
52
59
81
87
56
105
29
27
168
87
222
93
89
77
137
60
97
91
214
58
42
212
125
272
119
71
130
129
64
18
24
7
97
106
125
34
71
102
140
21
49
88
80
32
118
33
86
85
29
34
117
81
77
93
54
92
12
204
149
79
63
65
13
62
328
91
115
33
54
35
29
24
136
98
167
228
24
70
51
66
34
218
110
101
37
34
82
36
19
194
123
36
46
75
122
9
81
65
67
53
24
96
176
407
97
45
40
67
52
106
47
59
39
522
63
454
58
110
31
120
175
33
33
106
61
37
49
18
96
34
128
53
80
56
34
22
43
128
145
98
113
180
132
70
93
147
4
40
68
90
60
0
29
139
137
60
234
12
73
65
30
65
65
62
44
51
182
62
17
107
25
92
108
162
5
13
146
42
75
76
92
377
90
131
39
80
62
9
1112
402
130
214
224
135
39
391
37
23
256
83
100
17
100
184
18
118
151
69
326
231
17
103
65
65
128
180
363
52
10
136
131
87
79
102
220
88
86
52
145
200
103
100
113
102
80
92
60
89
29
24
145
57
159
16
32
127
57
49
94
28
42
51
153
211
25
59
22
201
130
18
97
108
33
19
190
99
48
77
39
8
28
57
58
177
228
168
31
233
70
38
93
159
73
142
119
83
42
449
82
36
65
82
109
73
73
164
9
146
28
101
35
64
53
12
110
42
115
53
153
36
622
40
81
91
149
81
53
54
130
64
40
30
54
117
113
21
36
48
92
300
32
69
169
77
67
35
92
18
70
19
41
171
152
228
33
101
58
21
120
188
175
49
24
27
35
71
90
121
31
84
0
56
24
206
23
82
14
104
168
209
487
24
69
13
28
61
168
0
102
89
186
96
68
308
79
218
39
37
145
165
38
100
52
33
137
75
189
151
56
112
39
45
113
35
37
106
111
260
67
88
26
102
26
1050
100
140
61
62
115
170
17
183
146
14
27
220
172
37
63
117
17
34
14
196
133
32
63
34
28
72
17
277
238
21
56
97
79
52
114
86
42
263
35
74
35
18
222
62
46
957
157
146
10
109
214
62
31
125
80
74
87
43
178
26
175
94
41
160
117
198
88
346
50
74
23
94
111
88
24
183
32
27
169
80
29
160
58
16
6
69
117
25
145
52
123
171
142
87
207
136
37
5
315
54
140
8
52
63
18
53
144
164
288
90
28
17
204
300
49
18
29
262
112
25
56
31
40
47
130
23
104
118
29
61
164
112
80
68
40
24
12
201
273
84
147
33
109
14
88
40
81
163
35
25
42
54
38
56
121
41
69
165
67
79
32
179
101
77
50
47
44
146
38
43
35
218
159
65
119
393
29
247
24
141
265
93
19
183
197
41
13
53
233
116
35
305
49
33
93
22
62
127
65
41
430
24
13
65
20
116
72
65
54
28
1306
6
347
202
39
19
56
163
181
160
34
79
151
83
35
36
15
51
204
47
23
252
35
114
119
46
51
259
166
142
88
74
36
16
135
84
55
342
86
35
94
42
55
288
107
423
126
195
10
84
153
25
185
108
137
49
71
12
169
367
35
124
38
87
60
65
57
191
21
60
52
49
60
42
73
96
21
50
135
33
119
35
17
49
104
46
48
45
46
48
24
28
139
86
195
39
38
20
99
99
18
1058
35
39
79
56
69
25
16
31
33
8
116
35
158
87
62
49
17
26
33
52
224
59
40
10
20
104
41
48
45
134
44
266
93
23
88
19
43
4
76
25
51
101
20
105
44
42
59
177
48
61
120
24
38
192
39
25
113
42
83
96
141
107
120
35
163
54
770
50
48
40
60
117
71
21
43
135
41
1002
185
16
71
94
82
573
191
80
62
72
29
102
17
120
86
344
16
61
70
72
46
323
16
99
56
89
10
149
115
86
107
218
23
31
82
56
24
64
18
33
83
138
159
59
205
48
348
13
115
18
47
41
25
44
22
49
207
28
68
64
43
107
44
115
9
69
109
35
68
36
81
31
44
167
112
52
81
111
81
79
137
15
10
82
57
103
15
72
63
190
114
44
102
51
64
84
142
113
1380
99
42
98
93
127
23
52
225
59
66
48
10
96
72
28
111
67
27
120
95
32
173
8
235
80
42
169
93
117
32
93
83
37
98
208
54
68
115
30
66
117
28
130
28
76
107
59
375
156
21
94
95
151
26
86
4
77
61
219
36
96
93
41
76
56
205
40
109
177
26
58
70
56
24
32
121
81
123
90
44
250
27
199
37
81
97
180
28
97
61
94
93
86
38
151
89
14
84
17
22
3
127
75
105
96
59
61
84
51
71
20
50
167
11
45
20
25
138
67
6
16
126
218
236
186
7
24
83
65
142
112
76
141
46
40
52
53
92
17
66
107
53
89
93
146
141
46
216
120
74
73
66
27
76
194
39
79
81
666
60
48
155
54
33
306
49
119
200
66
12
61
130
1309
131
48
91
300
169
252
306
290
37
122
255
43
63
22
110
128
299
0
329
56
180
26
42
74
183
111
194
46
186
77
75
89
67
11
57
62
28
102
72
80
112
99
181
2
82
159
92
58
45
79
106
220
86
42
45
123
25
346
118
670
15
112
149
29
33
11
59
54
46
91
62
70
24
89
351
139
78
139
164
114
160
129
42
158
52
71
20
32
135
90
4
93
38
120
70
33
15
35
12
31
40
68
45
23
20
150
34
27
21
21
63
18
25
45
237
58
68
104
99
157
78
100
34
21
43
124
21
55
86
115
125
118
109
49
21
70
86
66
29
76
55
106
132
19
151
30
24
110
70
7
221
37
211
51
54
20
100
40
166
41
194
81
87
103
167
12
124
62
47
24
37
25
22
51
175
137
42
90
9
64
27
102
32
180
157
59
69
45
12
47
73
321
185
108
17
16
159
16
38
116
53
107
30
33
110
19
19
141
132
122
25
109
9
9
94
128
75
112
30
146
58
108
181
31
74
75
51
227
19
140
35
34
78
81
96
14
77
132
111
293
207
168
15
48
40
151
38
82
156
89
73
100
26
22
341
8
18
95
138
270
107
70
139
42
141
24
126
151
245
13
10
16
163
46
89
80
91
206
39
182
102
33
63
41
32
51
236
191
339
130
12
107
25
84
22
19
107
30
104
69
53
265
34
15
101
1088
9
22
15
35
57
39
123
41
219
76
2
22
1392
30
52
23
90
79
38
179
136
11
195
174
33
125
36
24
96
62
17
67
12
77
55
55
132
215
57
205
39
60
81
50
40
48
85
110
265
49
139
143
93
31
194
73
77
3
324
28
57
23
69
84
99
13
77
70
67
43
299
82
15
252
173
127
95
8
198
125
159
25
14
54
138
117
34
582
95
0
223
52
41
37
73
151
57
20
52
71
6
74
240
111
74
70
18
104
68
409
108
276
11
36
74
37
71
51
93
49
50
23
12
79
43
18
103
40
602
162
32
24
35
29
41
44
22
274
44
51
26
61
42
117
96
248
163
21
56
41
40
48
51
69
23
108
60
41
50
104
133
46
47
148
61
408
124
86
6
42
106
14
82
45
19
141
224
282
334
31
113
90
8
167
158
57
101
25
126
109
98
40
10
64
109
43
30
156
121
60
55
36
127
19
95
80
99
20
112
179
39
83
45
34
60
41
125
69
72
161
235
19
26
28
32
23
23
11
129
90
85
15
69
83
94
19
327
37
45
32
172
67
218
165
39
22
36
10
68
33
156
174
71
27
38
62
71
157
41
38
20
76
93
21
10
36
66
22
103
40
30
10
73
42
141
24
103
172
242
156
20
88
52
50
29
90
86
210
86
30
82
41
31
66
4
85
220
163
38
83
41
70
119
96
20
35
73
14
61
80
12
212
216
144
113
119
21
15
66
58
125
99
30
76
39
38
111
40
227
51
63
196
88
35
12
25
71
90
24
157
115
109
78
102
197
287
144
131
70
114
8
814
360
50
80
110
19
75
228
134
52
47
157
88
75
110
204
325
38
31
21
120
305
91
97
19
28
279
49
28
189
43
29
41
82
301
155
44
44
60
43
66
139
154
65
22
93
100
76
160
66
40
45
24
69
65
14
74
28
36
45
46
76
245
130
251
89
74
106
130
70
72
21
2
70
20
34
171
27
50
248
107
96
274
23
51
96
20
25
79
80
22
35
39
52
72
310
113
123
139
80
87
147
195
33
93
58
40
15
21
17
70
105
49
30
143
98
70
60
117
35
252
103
10
224
74
94
78
12
65
63
132
44
44
75
69
81
121
41
822
37
94
25
373
11
385
210
88
43
202
39
13
34
74
132
126
92
93
53
110
46
33
92
117
60
87
35
95
300
63
82
60
79
134
200
32
42
31
164
271
111
55
587
19
35
111
824
102
107
25
75
129
42
88
59
81
35
63
59
144
106
241
206
75
133
15
46
163
74
63
79
7
84
76
78
87
406
85
78
125
13
87
45
14
95
44
54
65
152
40
347
86
88
23
73
223
35
6
70
89
34
125
32
29
41
87
58
138
121
21
57
32
226
77
19
95
11
54
162
139
49
71
174
95
32
60
102
13
93
118
34
62
81
37
123
28
56
196
19
53
180
82
59
24
38
131
24
21
43
38
124
38
117
85
62
21
41
51
585
387
73
12
28
103
79
11
27
27
38
102
138
142
120
282
59
51
49
51
75
47
71
109
98
92
35
48
129
104
120
106
74
84
80
41
18
95
165
66
31
11
220
26
61
32
121
176
12
109
208
51
49
8
207
128
103
25
26
123
135
144
695
69
29
83
34
29
186
188
12
23
40
66
58
50
94
35
26
17
181
81
69
209
22
15
29
243
228
98
88
73
24
65
78
75
57
31
145
81
50
168
21
104
267
92
7
51
128
81
31
75
102
121
82
83
158
178
75
120
45
38
88
168
93
101
152
124
177
50
603
22
38
24
15
189
216
181
265
75
23
31
125
264
126
31
102
208
90
98
132
35
163
156
49
68
38
119
22
56
27
455
13
82
38
66
32
44
82
57
48
42
87
159
117
97
53
43
120
93
136
111
27
180
638
171
37
23
89
37
23
50
6
49
12
27
40
65
54
59
517
52
109
40
25
185
105
70
48
37
168
39
132
29
179
9
205
196
31
424
168
573
24
183
82
107
15
114
23
99
136
97
68
63
124
78
284
27
14
104
32
98
18
79
101
12
205
159
55
27
29
111
122
61
112
57
24
122
116
104
113
159
45
202
68
46
174
111
210
30
51
83
69
22
64
60
93
40
106
42
17
970
34
15
160
127
227
40
98
64
204
7
15
38
122
22
52
40
24
58
234
77
6
174
53
118
12
62
87
95
184
778
114
15
68
1373
86
199
27
7
143
10
55
279
20
27
134
7
155
53
36
78
260
122
95
108
43
742
73
70
39
53
17
188
85
144
47
3
77
105
110
29
92
232
66
22
97
100
21
19
38
55
21
13
58
124
22
72
598
78
36
67
48
16
103
104
190
33
28
11
586
195
193
6
69
196
42
15
521
659
272
68
30
42
222
132
174
20
5
164
6
33
16
90
77
41
279
91
53
21
48
36
200
64
47
38
40
27
42
59
86
61
54
28
103
145
288
92
18
199
85
103
96
32
185
95
27
36
187
28
3
132
82
180
126
184
85
41
116
20
36
24
30
146
79
18
57
118
76
145
110
204
56
26
10
258
79
93
18
174
35
55
32
106
42
257
70
121
25
100
21
60
139
9
30
113
26
22
120
467
49
65
43
33
70
215
57
95
16
50
91
57
74
251
245
70
68
103
107
22
47
72
47
48
33
72
44
52
48
50
162
48
134
208
164
328
43
105
121
57
64
50
118
10
135
305
44
43
58
529
188
18
184
27
5
54
12
42
31
53
155
14
41
203
90
83
51
55
76
137
121
100
35
64
45
322
49
16
12
201
130
147
29
2114
150
9
171
69
110
46
64
285
77
18
34
56
19
15
69
225
138
86
52
139
66
288
73
39
124
23
32
322
118
183
63
65
85
85
27
24
39
59
138
40
42
21
160
121
441
27
66
46
97
54
105
149
20
55
29
46
165
605
49
86
174
53
38
26
192
6
124
31
52
46
26
83
89
218
49
52
95
112
180
233
57
43
27
78
37
254
116
4
42
37
12
13
114
32
26
102
33
33
233
163
61
44
57
103
87
98
44
72
114
937
95
26
39
63
176
151
8
64
26
8
319
178
155
12
142
155
76
166
166
59
41
142
91
107
63
79
55
82
89
1727
30
23
82
24
39
149
65
130
54
119
21
188
40
695
29
175
91
154
187
61
80
11
50
193
26
92
27
37
97
30
7
183
157
29
238
213
190
101
25
19
32
80
129
181
63
53
105
715
62
17
41
17
143
55
130
102
35
159
196
56
256
149
116
120
96
76
32
58
101
32
103
15
36
112
99
19
45
70
30
101
215
148
99
38
71
171
17
58
21
97
176
193
119
25
138
118
190
24
143
36
16
71
198
166
88
37
110
66
141
14
177
27
62
130
69
152
43
42
138
74
42
17
32
274
303
65
110
40
88
35
76
47
80
6
99
42
174
58
20
19
21
29
259
56
60
8
48
188
24
14
74
242
40
106
91
127
11
35
25
33
173
92
37
172
23
62
20
38
26
179
303
72
31
67
174
152
205
45
144
40
96
41
42
364
195
44
99
27
294
148
24
188
1175
71
62
201
58
68
124
25
77
144
72
52
180
78
28
13
168
20
81
27
64
47
71
35
17
83
61
236
57
40
73
24
44
95
160
67
75
50
127
90
18
72
21
50
49
149
145
192
68
107
87
46
115
78
350
56
349
206
129
104
3
57
290
85
138
31
22
22
173
12
263
63
239
172
26
54
22
38
159
18
114
51
66
152
102
26
208
72
28
126
112
43
36
131
27
148
152
44
17
14
42
8
85
89
35
37
186
134
114
64
162
84
238
120
31
178
34
248
88
56
43
41
78
39
85
56
55
12
23
138
14
59
114
57
184
71
195
42
468
72
3
33
16
55
70
20
93
15
13
37
119
200
79
122
235
57
29
213
109
70
109
64
61
37
94
23
69
107
107
877
42
270
82
85
57
181
16
56
29
180
19
61
68
37
193
51
23
26
21
125
331
145
72
212
58
291
41
86
68
31
100
107
49
225
128
76
55
54
35
17
54
39
16
120
109
78
86
74
150
112
205
192
47
47
75
29
54
96
103
8
83
61
103
72
289
143
72
89
27
133
136
16
129
10
58
18
74
42
64
90
659
29
8
50
14
33
212
65
55
151
51
48
84
120
6
176
162
26
233
49
18
72
113
110
441
8
15
32
26
50
87
38
146
47
86
113
15
108
328
24
154
13
34
55
45
84
237
93
46
32
27
83
92
24
152
681
117
42
64
138
31
40
142
89
28
75
488
76
100
37
78
25
19
141
122
70
129
13
41
51
49
49
225
109
55
11
137
46
18
17
52
97
42
56
26
118
157
15
41
109
50
173
49
15
104
28
11
82
95
304
69
149
29
884
83
42
70
24
226
472
112
43
26
68
226
132
114
33
109
19
48
338
38
59
640
46
48
18
23
79
47
47
36
61
25
25
79
49
138
53
54
94
80
93
262
187
37
43
51
147
25
36
62
153
174
90
90
50
64
106
51
128
153
281
117
26
17
154
21
103
103
75
13
164
66
34
41
87
24
50
146
83
127
225
270
35
170
8
142
37
34
68
16
137
56
90
98
200
75
90
21
44
70
36
48
80
79
41
58
406
85
46
140
22
170
674
62
31
64
30
97
110
29
218
58
50
81
123
120
47
22
21
82
51
74
33
37
28
269
13
238
269
65
53
159
71
130
152
47
105
84
167
67
29
111
32
28
77
75
58
19
44
117
33
86
190
265
56
350
38
50
48
40
149
23
38
36
143
111
45
160
175
151
53
169
255
202
50
145
67
51
33
45
26
97
61
158
95
75
130
40
36
246
9
39
171
17
102
72
122
73
35
27
121
86
262
21
123
98
85
59
24
45
106
54
43
65
125
11
80
21
102
112
32
46
40
183
22
212
153
11
11
71
21
108
208
87
53
142
245
70
35
93
15
42
190
34
157
82
54
209
63
118
188
6
37
8
18
20
15
69
92
154
12
73
50
74
32
206
313
21
143
18
29
55
240
32
31
165
92
27
178
53
63
86
27
73
15
216
44
23
14
185
43
85
115
139
14
215
38
27
51
70
31
39
66
136
84
37
496
45
280
39
95
22
59
45
136
71
167
99
260
74
16
89
204
59
125
66
35
45
685
284
22
26
72
125
365
9
157
97
174
65
19
193
26
78
72
28
53
27
20
96
24
142
45
147
89
101
116
36
34
22
33
113
5
362
101
20
22
10
107
61
159
55
24
141
127
34
100
97
125
81
129
396
1
21
102
54
66
141
37
103
29
72
143
315
26
120
207
62
21
109
163
156
69
70
22
187
170
125
25
35
106
31
247
104
60
44
96
299
22
51
20
93
15
58
111
28
149
187
597
29
35
135
22
126
31
95
62
51
161
40
131
42
31
185
22
111
116
9
134
28
57
36
73
155
153
35
216
81
142
44
220
45
120
137
64
24
27
19
27
172
51
240
139
65
38
272
158
61
22
77
150
63
22
154
992
367
315
118
95
25
111
147
87
35
22
85
50
308
79
23
21
27
23
112
151
54
109
67
828
21
138
19
34
109
125
29
77
38
154
151
73
141
176
218
74
10
16
45
153
96
248
22
173
74
94
37
26
53
310
20
19
82
294
48
72
35
89
277
88
271
589
42
121
15
35
13
133
50
102
47
167
63
105
42
11
46
37
134
11
107
119
21
282
140
40
11
56
244
41
66
132
56
85
127
75
100
21
31
20
67
191
237
62
18
164
141
60
16
165
31
128
77
124
12
74
98
484
7
67
90
107
236
62
46
121
117
28
83
121
194
198
114
23
19
171
117
256
81
45
40
121
67
98
226
62
30
143
47
40
279
22
132
89
70
46
82
117
48
44
181
51
157
17
91
57
92
75
171
65
76
338
58
16
123
155
70
64
162
27
25
55
125
65
54
128
52
75
126
59
32
95
82
67
103
45
86
60
127
78
114
193
144
602
45
38
110
34
23
111
163
56
212
30
61
41
5
8
49
111
27
216
61
57
25
149
30
73
142
65
116
152
16
49
42
809
12
77
36
75
74
287
79
107
31
148
71
29
143
154
55
151
134
43
168
234
37
15
132
100
210
55
46
64
293
30
26
87
15
116
73
19
133
47
71
88
132
295
219
10
121
21
202
36
45
20
57
107
31
59
9
112
42
165
3
43
43
161
159
10
162
110
219
165
16
203
217
58
107
93
121
202
29
90
169
176
32
96
101
31
95
80
81
192
30
340
59
90
118
108
37
37
23
186
88
66
29
57
33
50
79
40
53
40
8
142
131
171
70
77
22
125
13
69
69
100
207
173
207
38
29
88
73
107
176
31
12
15
184
80
177
34
41
124
48
315
227
144
122
52
37
586
3
79
120
51
158
149
710
76
113
105
113
190
14
55
29
24
78
105
144
107
207
48
64
61
31
36
23
121
71
148
140
69
38
134
29
56
19
123
12
103
130
124
63
12
121
76
89
120
306
91
210
57
144
2
45
101
547
35
24
37
16
53
122
122
13
48
159
26
102
102
16
26
55
107
341
68
28
153
178
163
145
160
28
14
108
56
46
29
129
109
41
107
28
42
76
121
8
16
205
16
36
122
27
19
34
98
754
91
133
10
95
84
67
21
105
137
28
58
114
24
73
285
12
66
22
30
47
32
74
775
4
15
99
220
13
31
21
8
85
35
95
156
41
11
79
89
25
296
111
63
413
91
32
55
191
18
37
177
50
115
211
49
97
44
27
127
348
52
105
107
13
69
156
66
42
23
90
91
10
212
121
85
164
38
91
220
37
23
114
24
71
35
112
223
30
645
29
67
28
338
24
40
28
65
96
144
107
63
45
84
34
73
116
31
123
83
77
136
28
33
165
75
83
16
293
48
34
118
91
54
12
73
155
58
15
126
87
67
134
109
111
115
67
82
25
31
168
51
152
98
98
148
55
59
18
116
24
15
141
69
121
91
10
40
54
104
8
11
141
